220.00000 72.00000 4.00000 0.00000 1.00000
159.00000 83.00000 1.00000 1.00000 1.00000
213.00000 108.00000 2.00000 0.00000 1.00000
169.00000 59.00000 3.00000 0.00000 1.00000
193.00000 85.00000 2.00000 0.00000 1.00000
189.00000 101.00000 1.00000 0.00000 1.00000
108.00000 46.00000 4.00000 1.00000 1.00000
154.00000 57.00000 5.00000 0.00000 1.00000
165.00000 92.00000 2.00000 1.00000 1.00000
180.00000 95.00000 4.00000 0.00000 1.00000
130.00000 113.00000 2.00000 1.00000 1.00000
212.00000 97.00000 3.00000 0.00000 1.00000
191.00000 89.00000 7.00000 0.00000 1.00000
188.00000 77.00000 3.00000 0.00000 1.00000
156.00000 39.00000 6.00000 0.00000 1.00000
151.00000 75.00000 4.00000 0.00000 1.00000
148.00000 53.00000 3.00000 0.00000 1.00000
167.00000 68.00000 2.00000 0.00000 1.00000
149.00000 66.00000 1.00000 0.00000 1.00000
154.00000 75.00000 1.00000 1.00000 1.00000
196.00000 67.00000 4.00000 0.00000 1.00000
110.00000 54.00000 4.00000 1.00000 1.00000
182.00000 76.00000 2.00000 1.00000 1.00000
99.00000 66.00000 4.00000 1.00000 1.00000
161.00000 59.00000 4.00000 0.00000 1.00000
161.00000 76.00000 4.00000 0.00000 1.00000
161.00000 58.00000 4.00000 0.00000 1.00000
133.00000 75.00000 3.00000 1.00000 1.00000
185.00000 61.00000 3.00000 0.00000 1.00000
172.00000 76.00000 4.00000 0.00000 1.00000
163.00000 85.00000 1.00000 1.00000 1.00000
230.00000 93.00000 4.00000 0.00000 1.00000
183.00000 59.00000 3.00000 0.00000 1.00000
117.00000 104.00000 1.00000 1.00000 1.00000
152.00000 72.00000 2.00000 1.00000 1.00000
184.00000 79.00000 3.00000 1.00000 1.00000
195.00000 67.00000 4.00000 0.00000 1.00000
222.00000 83.00000 5.00000 0.00000 1.00000
214.00000 56.00000 7.00000 0.00000 1.00000
209.00000 72.00000 3.00000 0.00000 1.00000
149.00000 59.00000 3.00000 1.00000 1.00000
160.00000 103.00000 1.00000 1.00000 1.00000
199.00000 100.00000 2.00000 1.00000 1.00000
203.00000 35.00000 6.00000 0.00000 1.00000
154.00000 89.00000 1.00000 1.00000 1.00000
206.00000 57.00000 2.00000 0.00000 1.00000
175.00000 101.00000 3.00000 1.00000 1.00000
140.00000 81.00000 2.00000 1.00000 1.00000
215.00000 103.00000 2.00000 1.00000 1.00000
153.00000 85.00000 4.00000 1.00000 1.00000
177.00000 64.00000 4.00000 0.00000 1.00000
160.00000 80.00000 2.00000 1.00000 1.00000
167.00000 84.00000 3.00000 1.00000 1.00000
158.00000 89.00000 4.00000 0.00000 1.00000
206.00000 90.00000 1.00000 1.00000 1.00000
175.00000 101.00000 5.00000 0.00000 1.00000
140.00000 81.00000 4.00000 1.00000 1.00000
215.00000 103.00000 2.00000 0.00000 1.00000
153.00000 85.00000 4.00000 0.00000 1.00000
177.00000 78.00000 4.00000 0.00000 1.00000
160.00000 80.00000 3.00000 1.00000 1.00000
167.00000 65.00000 2.00000 1.00000 1.00000
210.00000 92.00000 1.00000 1.00000 1.00000
159.00000 83.00000 5.00000 0.00000 1.00000
213.00000 108.00000 1.00000 1.00000 1.00000
169.00000 68.00000 0.00000 1.00000 1.00000
193.00000 85.00000 2.00000 0.00000 1.00000
189.00000 101.00000 1.00000 0.00000 1.00000
108.00000 46.00000 4.00000 1.00000 1.00000
154.00000 57.00000 5.00000 0.00000 1.00000
220.00000 72.00000 4.00000 0.00000 1.00000
159.00000 83.00000 1.00000 1.00000 1.00000
213.00000 108.00000 2.00000 0.00000 1.00000
169.00000 59.00000 3.00000 0.00000 1.00000
193.00000 85.00000 2.00000 0.00000 1.00000
189.00000 101.00000 1.00000 0.00000 1.00000
108.00000 46.00000 4.00000 1.00000 1.00000
154.00000 57.00000 5.00000 0.00000 1.00000
165.00000 92.00000 2.00000 1.00000 1.00000
180.00000 95.00000 4.00000 0.00000 1.00000
130.00000 113.00000 2.00000 1.00000 1.00000
212.00000 97.00000 3.00000 0.00000 1.00000
191.00000 89.00000 7.00000 0.00000 1.00000
188.00000 77.00000 3.00000 0.00000 1.00000
156.00000 39.00000 6.00000 0.00000 1.00000
151.00000 75.00000 4.00000 0.00000 1.00000
148.00000 53.00000 3.00000 0.00000 1.00000
167.00000 68.00000 2.00000 0.00000 1.00000
149.00000 66.00000 1.00000 0.00000 1.00000
154.00000 75.00000 1.00000 1.00000 1.00000
196.00000 67.00000 4.00000 0.00000 1.00000
110.00000 54.00000 4.00000 1.00000 1.00000
182.00000 76.00000 2.00000 1.00000 1.00000
99.00000 66.00000 4.00000 1.00000 1.00000
161.00000 59.00000 4.00000 0.00000 1.00000
161.00000 76.00000 4.00000 0.00000 1.00000
161.00000 58.00000 4.00000 0.00000 1.00000
133.00000 75.00000 3.00000 1.00000 1.00000
185.00000 61.00000 3.00000 0.00000 1.00000
172.00000 76.00000 4.00000 0.00000 1.00000
163.00000 85.00000 1.00000 1.00000 1.00000
230.00000 93.00000 4.00000 0.00000 1.00000
183.00000 59.00000 3.00000 0.00000 1.00000
117.00000 104.00000 1.00000 1.00000 1.00000
152.00000 72.00000 2.00000 1.00000 1.00000
184.00000 79.00000 3.00000 1.00000 1.00000
195.00000 67.00000 4.00000 0.00000 1.00000
222.00000 83.00000 5.00000 0.00000 1.00000
214.00000 56.00000 7.00000 0.00000 1.00000
209.00000 72.00000 3.00000 0.00000 1.00000
149.00000 59.00000 3.00000 1.00000 1.00000
160.00000 103.00000 1.00000 1.00000 1.00000
199.00000 100.00000 2.00000 1.00000 1.00000
203.00000 35.00000 6.00000 0.00000 1.00000
154.00000 89.00000 1.00000 1.00000 1.00000
206.00000 57.00000 2.00000 0.00000 1.00000
175.00000 101.00000 3.00000 1.00000 1.00000
140.00000 81.00000 2.00000 1.00000 1.00000
215.00000 103.00000 2.00000 1.00000 1.00000
153.00000 85.00000 4.00000 1.00000 1.00000
177.00000 64.00000 4.00000 0.00000 1.00000
160.00000 80.00000 2.00000 1.00000 1.00000
167.00000 84.00000 3.00000 1.00000 1.00000
158.00000 89.00000 4.00000 0.00000 1.00000
206.00000 90.00000 1.00000 1.00000 1.00000
175.00000 101.00000 5.00000 0.00000 1.00000
140.00000 81.00000 4.00000 1.00000 1.00000
215.00000 103.00000 2.00000 0.00000 1.00000
153.00000 85.00000 4.00000 0.00000 1.00000
177.00000 78.00000 4.00000 0.00000 1.00000
160.00000 80.00000 3.00000 1.00000 1.00000
167.00000 65.00000 2.00000 1.00000 1.00000
210.00000 92.00000 1.00000 1.00000 1.00000
159.00000 83.00000 5.00000 0.00000 1.00000
213.00000 108.00000 1.00000 1.00000 1.00000
169.00000 68.00000 0.00000 1.00000 1.00000
193.00000 85.00000 2.00000 0.00000 1.00000
189.00000 101.00000 1.00000 0.00000 1.00000
108.00000 46.00000 4.00000 1.00000 1.00000
154.00000 57.00000 5.00000 0.00000 1.00000
165.00000 92.00000 2.00000 1.00000 1.00000
180.00000 95.00000 4.00000 0.00000 1.00000
130.00000 113.00000 2.00000 1.00000 1.00000
220.00000 72.00000 4.00000 0.00000 1.00000
159.00000 83.00000 1.00000 1.00000 1.00000
213.00000 108.00000 2.00000 0.00000 1.00000
169.00000 59.00000 3.00000 0.00000 1.00000
193.00000 85.00000 2.00000 0.00000 1.00000
189.00000 101.00000 1.00000 0.00000 1.00000
108.00000 46.00000 4.00000 1.00000 1.00000
154.00000 57.00000 5.00000 0.00000 1.00000
165.00000 92.00000 2.00000 1.00000 1.00000
180.00000 95.00000 4.00000 0.00000 1.00000
130.00000 113.00000 2.00000 1.00000 1.00000
212.00000 97.00000 3.00000 0.00000 1.00000
191.00000 89.00000 7.00000 0.00000 1.00000
188.00000 77.00000 3.00000 0.00000 1.00000
156.00000 39.00000 6.00000 0.00000 1.00000
151.00000 75.00000 4.00000 0.00000 1.00000
148.00000 53.00000 3.00000 0.00000 1.00000
167.00000 68.00000 2.00000 0.00000 1.00000
149.00000 66.00000 1.00000 0.00000 1.00000
154.00000 75.00000 1.00000 1.00000 1.00000
196.00000 67.00000 4.00000 0.00000 1.00000
110.00000 54.00000 4.00000 1.00000 1.00000
182.00000 76.00000 2.00000 1.00000 1.00000
99.00000 66.00000 4.00000 1.00000 1.00000
161.00000 59.00000 4.00000 0.00000 1.00000
161.00000 76.00000 4.00000 0.00000 1.00000
161.00000 58.00000 4.00000 0.00000 1.00000
133.00000 75.00000 3.00000 1.00000 1.00000
185.00000 61.00000 3.00000 0.00000 1.00000
172.00000 76.00000 4.00000 0.00000 1.00000
163.00000 85.00000 1.00000 1.00000 1.00000
230.00000 93.00000 4.00000 0.00000 1.00000
183.00000 59.00000 3.00000 0.00000 1.00000
117.00000 104.00000 1.00000 1.00000 1.00000
152.00000 72.00000 2.00000 1.00000 1.00000
184.00000 79.00000 3.00000 1.00000 1.00000
195.00000 67.00000 4.00000 0.00000 1.00000
222.00000 83.00000 5.00000 0.00000 1.00000
214.00000 56.00000 7.00000 0.00000 1.00000
209.00000 72.00000 3.00000 0.00000 1.00000
149.00000 59.00000 3.00000 1.00000 1.00000
160.00000 103.00000 1.00000 1.00000 1.00000
199.00000 100.00000 2.00000 1.00000 1.00000
203.00000 35.00000 6.00000 0.00000 1.00000
154.00000 89.00000 1.00000 1.00000 1.00000
206.00000 57.00000 2.00000 0.00000 1.00000
175.00000 101.00000 3.00000 1.00000 1.00000
140.00000 81.00000 2.00000 1.00000 1.00000
215.00000 103.00000 2.00000 1.00000 1.00000
153.00000 85.00000 4.00000 1.00000 1.00000
177.00000 64.00000 4.00000 0.00000 1.00000
160.00000 80.00000 2.00000 1.00000 1.00000
167.00000 84.00000 3.00000 1.00000 1.00000
158.00000 89.00000 4.00000 0.00000 1.00000
206.00000 90.00000 1.00000 1.00000 1.00000
175.00000 101.00000 5.00000 0.00000 1.00000
140.00000 81.00000 4.00000 1.00000 1.00000
215.00000 103.00000 2.00000 0.00000 1.00000
153.00000 85.00000 4.00000 0.00000 1.00000
177.00000 78.00000 4.00000 0.00000 1.00000
160.00000 80.00000 3.00000 1.00000 1.00000
167.00000 65.00000 2.00000 1.00000 1.00000
210.00000 92.00000 1.00000 1.00000 1.00000
159.00000 83.00000 5.00000 0.00000 1.00000
213.00000 108.00000 1.00000 1.00000 1.00000
169.00000 68.00000 0.00000 1.00000 1.00000
193.00000 85.00000 2.00000 0.00000 1.00000
189.00000 101.00000 1.00000 0.00000 1.00000
108.00000 46.00000 4.00000 1.00000 1.00000
154.00000 57.00000 5.00000 0.00000 1.00000
165.00000 92.00000 2.00000 1.00000 1.00000
180.00000 95.00000 4.00000 0.00000 1.00000
130.00000 113.00000 2.00000 1.00000 1.00000
220.00000 72.00000 4.00000 0.00000 1.00000
159.00000 83.00000 1.00000 1.00000 1.00000
213.00000 108.00000 2.00000 0.00000 1.00000
169.00000 59.00000 3.00000 0.00000 1.00000
193.00000 85.00000 2.00000 0.00000 1.00000
189.00000 101.00000 1.00000 0.00000 1.00000
108.00000 46.00000 4.00000 1.00000 1.00000
154.00000 57.00000 5.00000 0.00000 1.00000
165.00000 92.00000 2.00000 1.00000 1.00000
180.00000 95.00000 4.00000 0.00000 1.00000
130.00000 113.00000 2.00000 1.00000 1.00000
212.00000 97.00000 3.00000 0.00000 1.00000
191.00000 89.00000 7.00000 0.00000 1.00000
188.00000 77.00000 3.00000 0.00000 1.00000
156.00000 39.00000 6.00000 0.00000 1.00000
151.00000 75.00000 4.00000 0.00000 1.00000
148.00000 53.00000 3.00000 0.00000 1.00000
167.00000 68.00000 2.00000 0.00000 1.00000
149.00000 66.00000 1.00000 0.00000 1.00000
154.00000 75.00000 1.00000 1.00000 1.00000
196.00000 67.00000 4.00000 0.00000 1.00000
110.00000 54.00000 4.00000 1.00000 1.00000
182.00000 76.00000 2.00000 1.00000 1.00000
99.00000 66.00000 4.00000 1.00000 1.00000
161.00000 59.00000 4.00000 0.00000 1.00000
161.00000 76.00000 4.00000 0.00000 1.00000
161.00000 58.00000 4.00000 0.00000 1.00000
133.00000 75.00000 3.00000 1.00000 1.00000
185.00000 61.00000 3.00000 0.00000 1.00000
172.00000 76.00000 4.00000 0.00000 1.00000
163.00000 85.00000 1.00000 1.00000 1.00000
230.00000 93.00000 4.00000 0.00000 1.00000
183.00000 59.00000 3.00000 0.00000 1.00000
117.00000 104.00000 1.00000 1.00000 1.00000
152.00000 72.00000 2.00000 1.00000 1.00000
184.00000 79.00000 3.00000 1.00000 1.00000
195.00000 67.00000 4.00000 0.00000 1.00000
222.00000 83.00000 5.00000 0.00000 1.00000
214.00000 56.00000 7.00000 0.00000 1.00000
209.00000 72.00000 3.00000 0.00000 1.00000
149.00000 59.00000 3.00000 1.00000 1.00000
160.00000 103.00000 1.00000 1.00000 1.00000
199.00000 100.00000 2.00000 1.00000 1.00000
203.00000 35.00000 6.00000 0.00000 1.00000
154.00000 89.00000 1.00000 1.00000 1.00000
206.00000 57.00000 2.00000 0.00000 1.00000
175.00000 101.00000 3.00000 1.00000 1.00000
140.00000 81.00000 2.00000 1.00000 1.00000
215.00000 103.00000 2.00000 1.00000 1.00000
153.00000 85.00000 4.00000 1.00000 1.00000
177.00000 64.00000 4.00000 0.00000 1.00000
160.00000 80.00000 2.00000 1.00000 1.00000
167.00000 84.00000 3.00000 1.00000 1.00000
158.00000 89.00000 4.00000 0.00000 1.00000
206.00000 90.00000 1.00000 1.00000 1.00000
175.00000 101.00000 5.00000 0.00000 1.00000
140.00000 81.00000 4.00000 1.00000 1.00000
215.00000 103.00000 2.00000 0.00000 1.00000
153.00000 85.00000 4.00000 0.00000 1.00000
177.00000 78.00000 4.00000 0.00000 1.00000
160.00000 80.00000 3.00000 1.00000 1.00000
167.00000 65.00000 2.00000 1.00000 1.00000
210.00000 92.00000 1.00000 1.00000 1.00000
159.00000 83.00000 5.00000 0.00000 1.00000
213.00000 108.00000 1.00000 1.00000 1.00000
169.00000 68.00000 0.00000 1.00000 1.00000
193.00000 85.00000 2.00000 0.00000 1.00000
189.00000 101.00000 1.00000 0.00000 1.00000
108.00000 46.00000 4.00000 1.00000 1.00000
154.00000 57.00000 5.00000 0.00000 1.00000
165.00000 92.00000 2.00000 1.00000 1.00000
180.00000 95.00000 4.00000 0.00000 1.00000
130.00000 113.00000 2.00000 1.00000 1.00000
220.00000 72.00000 4.00000 0.00000 1.00000
159.00000 83.00000 1.00000 1.00000 1.00000
213.00000 108.00000 2.00000 0.00000 1.00000
169.00000 59.00000 3.00000 0.00000 1.00000
193.00000 85.00000 2.00000 0.00000 1.00000
189.00000 101.00000 1.00000 0.00000 1.00000
108.00000 46.00000 4.00000 1.00000 1.00000
154.00000 57.00000 5.00000 0.00000 1.00000
165.00000 92.00000 2.00000 1.00000 1.00000
180.00000 95.00000 4.00000 0.00000 1.00000
130.00000 113.00000 2.00000 1.00000 1.00000
212.00000 97.00000 3.00000 0.00000 1.00000
191.00000 89.00000 7.00000 0.00000 1.00000
188.00000 77.00000 3.00000 0.00000 1.00000
156.00000 39.00000 6.00000 0.00000 1.00000
151.00000 75.00000 4.00000 0.00000 1.00000
148.00000 53.00000 3.00000 0.00000 1.00000
167.00000 68.00000 2.00000 0.00000 1.00000
149.00000 66.00000 1.00000 0.00000 1.00000
154.00000 75.00000 1.00000 1.00000 1.00000
196.00000 67.00000 4.00000 0.00000 1.00000
110.00000 54.00000 4.00000 1.00000 1.00000
182.00000 76.00000 2.00000 1.00000 1.00000
99.00000 66.00000 4.00000 1.00000 1.00000
161.00000 59.00000 4.00000 0.00000 1.00000
161.00000 76.00000 4.00000 0.00000 1.00000
161.00000 58.00000 4.00000 0.00000 1.00000
133.00000 75.00000 3.00000 1.00000 1.00000
185.00000 61.00000 3.00000 0.00000 1.00000
172.00000 76.00000 4.00000 0.00000 1.00000
163.00000 85.00000 1.00000 1.00000 1.00000
230.00000 93.00000 4.00000 0.00000 1.00000
183.00000 59.00000 3.00000 0.00000 1.00000
117.00000 104.00000 1.00000 1.00000 1.00000
152.00000 72.00000 2.00000 1.00000 1.00000
184.00000 79.00000 3.00000 1.00000 1.00000
195.00000 67.00000 4.00000 0.00000 1.00000
222.00000 83.00000 5.00000 0.00000 1.00000
214.00000 56.00000 7.00000 0.00000 1.00000
209.00000 72.00000 3.00000 0.00000 1.00000
149.00000 59.00000 3.00000 1.00000 1.00000
160.00000 103.00000 1.00000 1.00000 1.00000
199.00000 100.00000 2.00000 1.00000 1.00000
203.00000 35.00000 6.00000 0.00000 1.00000
154.00000 89.00000 1.00000 1.00000 1.00000
206.00000 57.00000 2.00000 0.00000 1.00000
175.00000 101.00000 3.00000 1.00000 1.00000
140.00000 81.00000 2.00000 1.00000 1.00000
215.00000 103.00000 2.00000 1.00000 1.00000
153.00000 85.00000 4.00000 1.00000 1.00000
177.00000 64.00000 4.00000 0.00000 1.00000
160.00000 80.00000 2.00000 1.00000 1.00000
167.00000 84.00000 3.00000 1.00000 1.00000
158.00000 89.00000 4.00000 0.00000 1.00000
206.00000 90.00000 1.00000 1.00000 1.00000
175.00000 101.00000 5.00000 0.00000 1.00000
140.00000 81.00000 4.00000 1.00000 1.00000
215.00000 103.00000 2.00000 0.00000 1.00000
153.00000 85.00000 4.00000 0.00000 1.00000
177.00000 78.00000 4.00000 0.00000 1.00000
160.00000 80.00000 3.00000 1.00000 1.00000
167.00000 65.00000 2.00000 1.00000 1.00000
210.00000 92.00000 1.00000 1.00000 1.00000
159.00000 83.00000 5.00000 0.00000 1.00000
213.00000 108.00000 1.00000 1.00000 1.00000
169.00000 68.00000 0.00000 1.00000 1.00000
193.00000 85.00000 2.00000 0.00000 1.00000
189.00000 101.00000 1.00000 0.00000 1.00000
108.00000 46.00000 4.00000 1.00000 1.00000
154.00000 57.00000 5.00000 0.00000 1.00000
165.00000 92.00000 2.00000 1.00000 1.00000
180.00000 95.00000 4.00000 0.00000 1.00000
130.00000 113.00000 2.00000 1.00000 1.00000
220.00000 72.00000 4.00000 0.00000 1.00000
159.00000 83.00000 1.00000 1.00000 1.00000
213.00000 108.00000 2.00000 0.00000 1.00000
169.00000 59.00000 3.00000 0.00000 1.00000
193.00000 85.00000 2.00000 0.00000 1.00000
189.00000 101.00000 1.00000 0.00000 1.00000
108.00000 46.00000 4.00000 1.00000 1.00000
154.00000 57.00000 5.00000 0.00000 1.00000
165.00000 92.00000 2.00000 1.00000 1.00000
180.00000 95.00000 4.00000 0.00000 1.00000
130.00000 113.00000 2.00000 1.00000 1.00000
212.00000 97.00000 3.00000 0.00000 1.00000
191.00000 89.00000 7.00000 0.00000 1.00000
188.00000 77.00000 3.00000 0.00000 1.00000
156.00000 39.00000 6.00000 0.00000 1.00000
151.00000 75.00000 4.00000 0.00000 1.00000
148.00000 53.00000 3.00000 0.00000 1.00000
167.00000 68.00000 2.00000 0.00000 1.00000
149.00000 66.00000 1.00000 0.00000 1.00000
154.00000 75.00000 1.00000 1.00000 1.00000
196.00000 67.00000 4.00000 0.00000 1.00000
110.00000 54.00000 4.00000 1.00000 1.00000
182.00000 76.00000 2.00000 1.00000 1.00000
99.00000 66.00000 4.00000 1.00000 1.00000
161.00000 59.00000 4.00000 0.00000 1.00000
161.00000 76.00000 4.00000 0.00000 1.00000
161.00000 58.00000 4.00000 0.00000 1.00000
133.00000 75.00000 3.00000 1.00000 1.00000
185.00000 61.00000 3.00000 0.00000 1.00000
172.00000 76.00000 4.00000 0.00000 1.00000
163.00000 85.00000 1.00000 1.00000 1.00000
230.00000 93.00000 4.00000 0.00000 1.00000
183.00000 59.00000 3.00000 0.00000 1.00000
117.00000 104.00000 1.00000 1.00000 1.00000
152.00000 72.00000 2.00000 1.00000 1.00000
184.00000 79.00000 3.00000 1.00000 1.00000
195.00000 67.00000 4.00000 0.00000 1.00000
222.00000 83.00000 5.00000 0.00000 1.00000
214.00000 56.00000 7.00000 0.00000 1.00000
209.00000 72.00000 3.00000 0.00000 1.00000
149.00000 59.00000 3.00000 1.00000 1.00000
160.00000 103.00000 1.00000 1.00000 1.00000
199.00000 100.00000 2.00000 1.00000 1.00000
203.00000 35.00000 6.00000 0.00000 1.00000
154.00000 89.00000 1.00000 1.00000 1.00000
206.00000 57.00000 2.00000 0.00000 1.00000
175.00000 101.00000 3.00000 1.00000 1.00000
140.00000 81.00000 2.00000 1.00000 1.00000
215.00000 103.00000 2.00000 1.00000 1.00000
153.00000 85.00000 4.00000 1.00000 1.00000
177.00000 64.00000 4.00000 0.00000 1.00000
160.00000 80.00000 2.00000 1.00000 1.00000
167.00000 84.00000 3.00000 1.00000 1.00000
158.00000 89.00000 4.00000 0.00000 1.00000
206.00000 90.00000 1.00000 1.00000 1.00000
175.00000 101.00000 5.00000 0.00000 1.00000
140.00000 81.00000 4.00000 1.00000 1.00000
215.00000 103.00000 2.00000 0.00000 1.00000
153.00000 85.00000 4.00000 0.00000 1.00000
177.00000 78.00000 4.00000 0.00000 1.00000
160.00000 80.00000 3.00000 1.00000 1.00000
167.00000 65.00000 2.00000 1.00000 1.00000
210.00000 92.00000 1.00000 1.00000 1.00000
159.00000 83.00000 5.00000 0.00000 1.00000
213.00000 108.00000 1.00000 1.00000 1.00000
169.00000 68.00000 0.00000 1.00000 1.00000
193.00000 85.00000 2.00000 0.00000 1.00000
189.00000 101.00000 1.00000 0.00000 1.00000
108.00000 46.00000 4.00000 1.00000 1.00000
154.00000 57.00000 5.00000 0.00000 1.00000
165.00000 92.00000 2.00000 1.00000 1.00000
180.00000 95.00000 4.00000 0.00000 1.00000
130.00000 113.00000 2.00000 1.00000 1.00000
220.00000 72.00000 4.00000 0.00000 1.00000
159.00000 83.00000 1.00000 1.00000 1.00000
213.00000 108.00000 2.00000 0.00000 1.00000
169.00000 59.00000 3.00000 0.00000 1.00000
193.00000 85.00000 2.00000 0.00000 1.00000
189.00000 101.00000 1.00000 0.00000 1.00000
108.00000 46.00000 4.00000 1.00000 1.00000
154.00000 57.00000 5.00000 0.00000 1.00000
165.00000 92.00000 2.00000 1.00000 1.00000
180.00000 95.00000 4.00000 0.00000 1.00000
130.00000 113.00000 2.00000 1.00000 1.00000
212.00000 97.00000 3.00000 0.00000 1.00000
191.00000 89.00000 7.00000 0.00000 1.00000
188.00000 77.00000 3.00000 0.00000 1.00000
156.00000 39.00000 6.00000 0.00000 1.00000
151.00000 75.00000 4.00000 0.00000 1.00000
148.00000 53.00000 3.00000 0.00000 1.00000
167.00000 68.00000 2.00000 0.00000 1.00000
149.00000 66.00000 1.00000 0.00000 1.00000
154.00000 75.00000 1.00000 1.00000 1.00000
196.00000 67.00000 4.00000 0.00000 1.00000
110.00000 54.00000 4.00000 1.00000 1.00000
182.00000 76.00000 2.00000 1.00000 1.00000
99.00000 66.00000 4.00000 1.00000 1.00000
161.00000 59.00000 4.00000 0.00000 1.00000
161.00000 76.00000 4.00000 0.00000 1.00000
161.00000 58.00000 4.00000 0.00000 1.00000
133.00000 75.00000 3.00000 1.00000 1.00000
185.00000 61.00000 3.00000 0.00000 1.00000
172.00000 76.00000 4.00000 0.00000 1.00000
163.00000 85.00000 1.00000 1.00000 1.00000
230.00000 93.00000 4.00000 0.00000 1.00000
183.00000 59.00000 3.00000 0.00000 1.00000
117.00000 104.00000 1.00000 1.00000 1.00000
152.00000 72.00000 2.00000 1.00000 1.00000
184.00000 79.00000 3.00000 1.00000 1.00000
195.00000 67.00000 4.00000 0.00000 1.00000
222.00000 83.00000 5.00000 0.00000 1.00000
214.00000 56.00000 7.00000 0.00000 1.00000
209.00000 72.00000 3.00000 0.00000 1.00000
149.00000 59.00000 3.00000 1.00000 1.00000
160.00000 103.00000 1.00000 1.00000 1.00000
199.00000 100.00000 2.00000 1.00000 1.00000
203.00000 35.00000 6.00000 0.00000 1.00000
154.00000 89.00000 1.00000 1.00000 1.00000
206.00000 57.00000 2.00000 0.00000 1.00000
175.00000 101.00000 3.00000 1.00000 1.00000
140.00000 81.00000 2.00000 1.00000 1.00000
215.00000 103.00000 2.00000 1.00000 1.00000
153.00000 85.00000 4.00000 1.00000 1.00000
177.00000 64.00000 4.00000 0.00000 1.00000
160.00000 80.00000 2.00000 1.00000 1.00000
167.00000 84.00000 3.00000 1.00000 1.00000
158.00000 89.00000 4.00000 0.00000 1.00000
206.00000 90.00000 1.00000 1.00000 1.00000
175.00000 101.00000 5.00000 0.00000 1.00000
140.00000 81.00000 4.00000 1.00000 1.00000
215.00000 103.00000 2.00000 0.00000 1.00000
153.00000 85.00000 4.00000 0.00000 1.00000
177.00000 78.00000 4.00000 0.00000 1.00000
160.00000 80.00000 3.00000 1.00000 1.00000
167.00000 65.00000 2.00000 1.00000 1.00000
210.00000 92.00000 1.00000 1.00000 1.00000
159.00000 83.00000 5.00000 0.00000 1.00000
213.00000 108.00000 1.00000 1.00000 1.00000
169.00000 68.00000 0.00000 1.00000 1.00000
193.00000 85.00000 2.00000 0.00000 1.00000
189.00000 101.00000 1.00000 0.00000 1.00000
108.00000 46.00000 4.00000 1.00000 1.00000
154.00000 57.00000 5.00000 0.00000 1.00000
165.00000 92.00000 2.00000 1.00000 1.00000
180.00000 95.00000 4.00000 0.00000 1.00000
130.00000 113.00000 2.00000 1.00000 1.00000
220.00000 72.00000 4.00000 0.00000 1.00000
159.00000 83.00000 1.00000 1.00000 1.00000
213.00000 108.00000 2.00000 0.00000 1.00000
169.00000 59.00000 3.00000 0.00000 1.00000
193.00000 85.00000 2.00000 0.00000 1.00000
189.00000 101.00000 1.00000 0.00000 1.00000
108.00000 46.00000 4.00000 1.00000 1.00000
154.00000 57.00000 5.00000 0.00000 1.00000
165.00000 92.00000 2.00000 1.00000 1.00000
180.00000 95.00000 4.00000 0.00000 1.00000
130.00000 113.00000 2.00000 1.00000 1.00000
212.00000 97.00000 3.00000 0.00000 1.00000
191.00000 89.00000 7.00000 0.00000 1.00000
188.00000 77.00000 3.00000 0.00000 1.00000
156.00000 39.00000 6.00000 0.00000 1.00000
151.00000 75.00000 4.00000 0.00000 1.00000
148.00000 53.00000 3.00000 0.00000 1.00000
167.00000 68.00000 2.00000 0.00000 1.00000
149.00000 66.00000 1.00000 0.00000 1.00000
154.00000 75.00000 1.00000 1.00000 1.00000
196.00000 67.00000 4.00000 0.00000 1.00000
110.00000 54.00000 4.00000 1.00000 1.00000
182.00000 76.00000 2.00000 1.00000 1.00000
99.00000 66.00000 4.00000 1.00000 1.00000
161.00000 59.00000 4.00000 0.00000 1.00000
161.00000 76.00000 4.00000 0.00000 1.00000
161.00000 58.00000 4.00000 0.00000 1.00000
133.00000 75.00000 3.00000 1.00000 1.00000
185.00000 61.00000 3.00000 0.00000 1.00000
172.00000 76.00000 4.00000 0.00000 1.00000
163.00000 85.00000 1.00000 1.00000 1.00000
230.00000 93.00000 4.00000 0.00000 1.00000
183.00000 59.00000 3.00000 0.00000 1.00000
117.00000 104.00000 1.00000 1.00000 1.00000
152.00000 72.00000 2.00000 1.00000 1.00000
184.00000 79.00000 3.00000 1.00000 1.00000
195.00000 67.00000 4.00000 0.00000 1.00000
222.00000 83.00000 5.00000 0.00000 1.00000
214.00000 56.00000 7.00000 0.00000 1.00000
209.00000 72.00000 3.00000 0.00000 1.00000
149.00000 59.00000 3.00000 1.00000 1.00000
160.00000 103.00000 1.00000 1.00000 1.00000
199.00000 100.00000 2.00000 1.00000 1.00000
203.00000 35.00000 6.00000 0.00000 1.00000
154.00000 89.00000 1.00000 1.00000 1.00000
206.00000 57.00000 2.00000 0.00000 1.00000
175.00000 101.00000 3.00000 1.00000 1.00000
140.00000 81.00000 2.00000 1.00000 1.00000
215.00000 103.00000 2.00000 1.00000 1.00000
153.00000 85.00000 4.00000 1.00000 1.00000
177.00000 64.00000 4.00000 0.00000 1.00000
160.00000 80.00000 2.00000 1.00000 1.00000
167.00000 84.00000 3.00000 1.00000 1.00000
158.00000 89.00000 4.00000 0.00000 1.00000
206.00000 90.00000 1.00000 1.00000 1.00000
175.00000 101.00000 5.00000 0.00000 1.00000
140.00000 81.00000 4.00000 1.00000 1.00000
215.00000 103.00000 2.00000 0.00000 1.00000
153.00000 85.00000 4.00000 0.00000 1.00000
177.00000 78.00000 4.00000 0.00000 1.00000
160.00000 80.00000 3.00000 1.00000 1.00000
167.00000 65.00000 2.00000 1.00000 1.00000
210.00000 92.00000 1.00000 1.00000 1.00000
159.00000 83.00000 5.00000 0.00000 1.00000
213.00000 108.00000 1.00000 1.00000 1.00000
169.00000 68.00000 0.00000 1.00000 1.00000
193.00000 85.00000 2.00000 0.00000 1.00000
189.00000 101.00000 1.00000 0.00000 1.00000
108.00000 46.00000 4.00000 1.00000 1.00000
154.00000 57.00000 5.00000 0.00000 1.00000
165.00000 92.00000 2.00000 1.00000 1.00000
180.00000 95.00000 4.00000 0.00000 1.00000
130.00000 113.00000 2.00000 1.00000 1.00000
220.00000 72.00000 4.00000 0.00000 1.00000
159.00000 83.00000 1.00000 1.00000 1.00000
213.00000 108.00000 2.00000 0.00000 1.00000
169.00000 59.00000 3.00000 0.00000 1.00000
193.00000 85.00000 2.00000 0.00000 1.00000
189.00000 101.00000 1.00000 0.00000 1.00000
108.00000 46.00000 4.00000 1.00000 1.00000
154.00000 57.00000 5.00000 0.00000 1.00000
165.00000 92.00000 2.00000 1.00000 1.00000
180.00000 95.00000 4.00000 0.00000 1.00000
130.00000 113.00000 2.00000 1.00000 1.00000
212.00000 97.00000 3.00000 0.00000 1.00000
191.00000 89.00000 7.00000 0.00000 1.00000
188.00000 77.00000 3.00000 0.00000 1.00000
156.00000 39.00000 6.00000 0.00000 1.00000
151.00000 75.00000 4.00000 0.00000 1.00000
148.00000 53.00000 3.00000 0.00000 1.00000
167.00000 68.00000 2.00000 0.00000 1.00000
149.00000 66.00000 1.00000 0.00000 1.00000
154.00000 75.00000 1.00000 1.00000 1.00000
196.00000 67.00000 4.00000 0.00000 1.00000
110.00000 54.00000 4.00000 1.00000 1.00000
182.00000 76.00000 2.00000 1.00000 1.00000
99.00000 66.00000 4.00000 1.00000 1.00000
161.00000 59.00000 4.00000 0.00000 1.00000
161.00000 76.00000 4.00000 0.00000 1.00000
161.00000 58.00000 4.00000 0.00000 1.00000
133.00000 75.00000 3.00000 1.00000 1.00000
185.00000 61.00000 3.00000 0.00000 1.00000
172.00000 76.00000 4.00000 0.00000 1.00000
163.00000 85.00000 1.00000 1.00000 1.00000
230.00000 93.00000 4.00000 0.00000 1.00000
183.00000 59.00000 3.00000 0.00000 1.00000
117.00000 104.00000 1.00000 1.00000 1.00000
152.00000 72.00000 2.00000 1.00000 1.00000
184.00000 79.00000 3.00000 1.00000 1.00000
195.00000 67.00000 4.00000 0.00000 1.00000
222.00000 83.00000 5.00000 0.00000 1.00000
214.00000 56.00000 7.00000 0.00000 1.00000
209.00000 72.00000 3.00000 0.00000 1.00000
149.00000 59.00000 3.00000 1.00000 1.00000
160.00000 103.00000 1.00000 1.00000 1.00000
199.00000 100.00000 2.00000 1.00000 1.00000
203.00000 35.00000 6.00000 0.00000 1.00000
154.00000 89.00000 1.00000 1.00000 1.00000
206.00000 57.00000 2.00000 0.00000 1.00000
175.00000 101.00000 3.00000 1.00000 1.00000
140.00000 81.00000 2.00000 1.00000 1.00000
215.00000 103.00000 2.00000 1.00000 1.00000
153.00000 85.00000 4.00000 1.00000 1.00000
177.00000 64.00000 4.00000 0.00000 1.00000
160.00000 80.00000 2.00000 1.00000 1.00000
167.00000 84.00000 3.00000 1.00000 1.00000
158.00000 89.00000 4.00000 0.00000 1.00000
206.00000 90.00000 1.00000 1.00000 1.00000
175.00000 101.00000 5.00000 0.00000 1.00000
140.00000 81.00000 4.00000 1.00000 1.00000
215.00000 103.00000 2.00000 0.00000 1.00000
153.00000 85.00000 4.00000 0.00000 1.00000
177.00000 78.00000 4.00000 0.00000 1.00000
160.00000 80.00000 3.00000 1.00000 1.00000
167.00000 65.00000 2.00000 1.00000 1.00000
210.00000 92.00000 1.00000 1.00000 1.00000
159.00000 83.00000 5.00000 0.00000 1.00000
213.00000 108.00000 1.00000 1.00000 1.00000
169.00000 68.00000 0.00000 1.00000 1.00000
193.00000 85.00000 2.00000 0.00000 1.00000
189.00000 101.00000 1.00000 0.00000 1.00000
108.00000 46.00000 4.00000 1.00000 1.00000
154.00000 57.00000 5.00000 0.00000 1.00000
165.00000 92.00000 2.00000 1.00000 1.00000
180.00000 95.00000 4.00000 0.00000 1.00000
130.00000 113.00000 2.00000 1.00000 1.00000
220.00000 72.00000 4.00000 0.00000 1.00000
159.00000 83.00000 1.00000 1.00000 1.00000
213.00000 108.00000 2.00000 0.00000 1.00000
169.00000 59.00000 3.00000 0.00000 1.00000
193.00000 85.00000 2.00000 0.00000 1.00000
189.00000 101.00000 1.00000 0.00000 1.00000
108.00000 46.00000 4.00000 1.00000 1.00000
154.00000 57.00000 5.00000 0.00000 1.00000
165.00000 92.00000 2.00000 1.00000 1.00000
180.00000 95.00000 4.00000 0.00000 1.00000
130.00000 113.00000 2.00000 1.00000 1.00000
212.00000 97.00000 3.00000 0.00000 1.00000
191.00000 89.00000 7.00000 0.00000 1.00000
188.00000 77.00000 3.00000 0.00000 1.00000
156.00000 39.00000 6.00000 0.00000 1.00000
151.00000 75.00000 4.00000 0.00000 1.00000
148.00000 53.00000 3.00000 0.00000 1.00000
167.00000 68.00000 2.00000 0.00000 1.00000
149.00000 66.00000 1.00000 0.00000 1.00000
154.00000 75.00000 1.00000 1.00000 1.00000
196.00000 67.00000 4.00000 0.00000 1.00000
110.00000 54.00000 4.00000 1.00000 1.00000
182.00000 76.00000 2.00000 1.00000 1.00000
99.00000 66.00000 4.00000 1.00000 1.00000
161.00000 59.00000 4.00000 0.00000 1.00000
161.00000 76.00000 4.00000 0.00000 1.00000
161.00000 58.00000 4.00000 0.00000 1.00000
133.00000 75.00000 3.00000 1.00000 1.00000
185.00000 61.00000 3.00000 0.00000 1.00000
172.00000 76.00000 4.00000 0.00000 1.00000
163.00000 85.00000 1.00000 1.00000 1.00000
230.00000 93.00000 4.00000 0.00000 1.00000
183.00000 59.00000 3.00000 0.00000 1.00000
117.00000 104.00000 1.00000 1.00000 1.00000
152.00000 72.00000 2.00000 1.00000 1.00000
184.00000 79.00000 3.00000 1.00000 1.00000
195.00000 67.00000 4.00000 0.00000 1.00000
222.00000 83.00000 5.00000 0.00000 1.00000
214.00000 56.00000 7.00000 0.00000 1.00000
209.00000 72.00000 3.00000 0.00000 1.00000
149.00000 59.00000 3.00000 1.00000 1.00000
160.00000 103.00000 1.00000 1.00000 1.00000
199.00000 100.00000 2.00000 1.00000 1.00000
203.00000 35.00000 6.00000 0.00000 1.00000
154.00000 89.00000 1.00000 1.00000 1.00000
206.00000 57.00000 2.00000 0.00000 1.00000
175.00000 101.00000 3.00000 1.00000 1.00000
140.00000 81.00000 2.00000 1.00000 1.00000
215.00000 103.00000 2.00000 1.00000 1.00000
153.00000 85.00000 4.00000 1.00000 1.00000
177.00000 64.00000 4.00000 0.00000 1.00000
160.00000 80.00000 2.00000 1.00000 1.00000
167.00000 84.00000 3.00000 1.00000 1.00000
158.00000 89.00000 4.00000 0.00000 1.00000
206.00000 90.00000 1.00000 1.00000 1.00000
175.00000 101.00000 5.00000 0.00000 1.00000
140.00000 81.00000 4.00000 1.00000 1.00000
215.00000 103.00000 2.00000 0.00000 1.00000
153.00000 85.00000 4.00000 0.00000 1.00000
177.00000 78.00000 4.00000 0.00000 1.00000
160.00000 80.00000 3.00000 1.00000 1.00000
167.00000 65.00000 2.00000 1.00000 1.00000
210.00000 92.00000 1.00000 1.00000 1.00000
159.00000 83.00000 5.00000 0.00000 1.00000
213.00000 108.00000 1.00000 1.00000 1.00000
169.00000 68.00000 0.00000 1.00000 1.00000
193.00000 85.00000 2.00000 0.00000 1.00000
189.00000 101.00000 1.00000 0.00000 1.00000
108.00000 46.00000 4.00000 1.00000 1.00000
154.00000 57.00000 5.00000 0.00000 1.00000
165.00000 92.00000 2.00000 1.00000 1.00000
180.00000 95.00000 4.00000 0.00000 1.00000
130.00000 113.00000 2.00000 1.00000 1.00000
220.00000 72.00000 4.00000 0.00000 1.00000
159.00000 83.00000 1.00000 1.00000 1.00000
213.00000 108.00000 2.00000 0.00000 1.00000
169.00000 59.00000 3.00000 0.00000 1.00000
193.00000 85.00000 2.00000 0.00000 1.00000
189.00000 101.00000 1.00000 0.00000 1.00000
108.00000 46.00000 4.00000 1.00000 1.00000
154.00000 57.00000 5.00000 0.00000 1.00000
165.00000 92.00000 2.00000 1.00000 1.00000
180.00000 95.00000 4.00000 0.00000 1.00000
130.00000 113.00000 2.00000 1.00000 1.00000
212.00000 97.00000 3.00000 0.00000 1.00000
191.00000 89.00000 7.00000 0.00000 1.00000
188.00000 77.00000 3.00000 0.00000 1.00000
156.00000 39.00000 6.00000 0.00000 1.00000
151.00000 75.00000 4.00000 0.00000 1.00000
148.00000 53.00000 3.00000 0.00000 1.00000
167.00000 68.00000 2.00000 0.00000 1.00000
149.00000 66.00000 1.00000 0.00000 1.00000
154.00000 75.00000 1.00000 1.00000 1.00000
196.00000 67.00000 4.00000 0.00000 1.00000
110.00000 54.00000 4.00000 1.00000 1.00000
182.00000 76.00000 2.00000 1.00000 1.00000
99.00000 66.00000 4.00000 1.00000 1.00000
161.00000 59.00000 4.00000 0.00000 1.00000
161.00000 76.00000 4.00000 0.00000 1.00000
161.00000 58.00000 4.00000 0.00000 1.00000
133.00000 75.00000 3.00000 1.00000 1.00000
185.00000 61.00000 3.00000 0.00000 1.00000
172.00000 76.00000 4.00000 0.00000 1.00000
163.00000 85.00000 1.00000 1.00000 1.00000
230.00000 93.00000 4.00000 0.00000 1.00000
183.00000 59.00000 3.00000 0.00000 1.00000
117.00000 104.00000 1.00000 1.00000 1.00000
152.00000 72.00000 2.00000 1.00000 1.00000
184.00000 79.00000 3.00000 1.00000 1.00000
195.00000 67.00000 4.00000 0.00000 1.00000
222.00000 83.00000 5.00000 0.00000 1.00000
214.00000 56.00000 7.00000 0.00000 1.00000
209.00000 72.00000 3.00000 0.00000 1.00000
149.00000 59.00000 3.00000 1.00000 1.00000
160.00000 103.00000 1.00000 1.00000 1.00000
199.00000 100.00000 2.00000 1.00000 1.00000
203.00000 35.00000 6.00000 0.00000 1.00000
154.00000 89.00000 1.00000 1.00000 1.00000
206.00000 57.00000 2.00000 0.00000 1.00000
175.00000 101.00000 3.00000 1.00000 1.00000
140.00000 81.00000 2.00000 1.00000 1.00000
215.00000 103.00000 2.00000 1.00000 1.00000
153.00000 85.00000 4.00000 1.00000 1.00000
177.00000 64.00000 4.00000 0.00000 1.00000
160.00000 80.00000 2.00000 1.00000 1.00000
167.00000 84.00000 3.00000 1.00000 1.00000
158.00000 89.00000 4.00000 0.00000 1.00000
206.00000 90.00000 1.00000 1.00000 1.00000
175.00000 101.00000 5.00000 0.00000 1.00000
140.00000 81.00000 4.00000 1.00000 1.00000
215.00000 103.00000 2.00000 0.00000 1.00000
153.00000 85.00000 4.00000 0.00000 1.00000
177.00000 78.00000 4.00000 0.00000 1.00000
160.00000 80.00000 3.00000 1.00000 1.00000
167.00000 65.00000 2.00000 1.00000 1.00000
210.00000 92.00000 1.00000 1.00000 1.00000
159.00000 83.00000 5.00000 0.00000 1.00000
213.00000 108.00000 1.00000 1.00000 1.00000
169.00000 68.00000 0.00000 1.00000 1.00000
193.00000 85.00000 2.00000 0.00000 1.00000
189.00000 101.00000 1.00000 0.00000 1.00000
108.00000 46.00000 4.00000 1.00000 1.00000
154.00000 57.00000 5.00000 0.00000 1.00000
165.00000 92.00000 2.00000 1.00000 1.00000
180.00000 95.00000 4.00000 0.00000 1.00000
130.00000 113.00000 2.00000 1.00000 1.00000
220.00000 72.00000 4.00000 0.00000 1.00000
159.00000 83.00000 1.00000 1.00000 1.00000
213.00000 108.00000 2.00000 0.00000 1.00000
169.00000 59.00000 3.00000 0.00000 1.00000
193.00000 85.00000 2.00000 0.00000 1.00000
189.00000 101.00000 1.00000 0.00000 1.00000
108.00000 46.00000 4.00000 1.00000 1.00000
154.00000 57.00000 5.00000 0.00000 1.00000
165.00000 92.00000 2.00000 1.00000 1.00000
180.00000 95.00000 4.00000 0.00000 1.00000
130.00000 113.00000 2.00000 1.00000 1.00000
212.00000 97.00000 3.00000 0.00000 1.00000
191.00000 89.00000 7.00000 0.00000 1.00000
188.00000 77.00000 3.00000 0.00000 1.00000
156.00000 39.00000 6.00000 0.00000 1.00000
151.00000 75.00000 4.00000 0.00000 1.00000
148.00000 53.00000 3.00000 0.00000 1.00000
167.00000 68.00000 2.00000 0.00000 1.00000
149.00000 66.00000 1.00000 0.00000 1.00000
154.00000 75.00000 1.00000 1.00000 1.00000
196.00000 67.00000 4.00000 0.00000 1.00000
110.00000 54.00000 4.00000 1.00000 1.00000
182.00000 76.00000 2.00000 1.00000 1.00000
99.00000 66.00000 4.00000 1.00000 1.00000
161.00000 59.00000 4.00000 0.00000 1.00000
161.00000 76.00000 4.00000 0.00000 1.00000
161.00000 58.00000 4.00000 0.00000 1.00000
133.00000 75.00000 3.00000 1.00000 1.00000
185.00000 61.00000 3.00000 0.00000 1.00000
172.00000 76.00000 4.00000 0.00000 1.00000
163.00000 85.00000 1.00000 1.00000 1.00000
230.00000 93.00000 4.00000 0.00000 1.00000
183.00000 59.00000 3.00000 0.00000 1.00000
117.00000 104.00000 1.00000 1.00000 1.00000
152.00000 72.00000 2.00000 1.00000 1.00000
184.00000 79.00000 3.00000 1.00000 1.00000
195.00000 67.00000 4.00000 0.00000 1.00000
222.00000 83.00000 5.00000 0.00000 1.00000
214.00000 56.00000 7.00000 0.00000 1.00000
209.00000 72.00000 3.00000 0.00000 1.00000
149.00000 59.00000 3.00000 1.00000 1.00000
160.00000 103.00000 1.00000 1.00000 1.00000
199.00000 100.00000 2.00000 1.00000 1.00000
203.00000 35.00000 6.00000 0.00000 1.00000
154.00000 89.00000 1.00000 1.00000 1.00000
206.00000 57.00000 2.00000 0.00000 1.00000
175.00000 101.00000 3.00000 1.00000 1.00000
140.00000 81.00000 2.00000 1.00000 1.00000
215.00000 103.00000 2.00000 1.00000 1.00000
153.00000 85.00000 4.00000 1.00000 1.00000
177.00000 64.00000 4.00000 0.00000 1.00000
160.00000 80.00000 2.00000 1.00000 1.00000
167.00000 84.00000 3.00000 1.00000 1.00000
158.00000 89.00000 4.00000 0.00000 1.00000
206.00000 90.00000 1.00000 1.00000 1.00000
175.00000 101.00000 5.00000 0.00000 1.00000
140.00000 81.00000 4.00000 1.00000 1.00000
215.00000 103.00000 2.00000 0.00000 1.00000
153.00000 85.00000 4.00000 0.00000 1.00000
177.00000 78.00000 4.00000 0.00000 1.00000
160.00000 80.00000 3.00000 1.00000 1.00000
167.00000 65.00000 2.00000 1.00000 1.00000
210.00000 92.00000 1.00000 1.00000 1.00000
159.00000 83.00000 5.00000 0.00000 1.00000
213.00000 108.00000 1.00000 1.00000 1.00000
169.00000 68.00000 0.00000 1.00000 1.00000
193.00000 85.00000 2.00000 0.00000 1.00000
189.00000 101.00000 1.00000 0.00000 1.00000
108.00000 46.00000 4.00000 1.00000 1.00000
154.00000 57.00000 5.00000 0.00000 1.00000
165.00000 92.00000 2.00000 1.00000 1.00000
180.00000 95.00000 4.00000 0.00000 1.00000
130.00000 113.00000 2.00000 1.00000 1.00000
220.00000 72.00000 4.00000 0.00000 1.00000
159.00000 83.00000 1.00000 1.00000 1.00000
213.00000 108.00000 2.00000 0.00000 1.00000
169.00000 59.00000 3.00000 0.00000 1.00000
193.00000 85.00000 2.00000 0.00000 1.00000
189.00000 101.00000 1.00000 0.00000 1.00000
108.00000 46.00000 4.00000 1.00000 1.00000
154.00000 57.00000 5.00000 0.00000 1.00000
165.00000 92.00000 2.00000 1.00000 1.00000
180.00000 95.00000 4.00000 0.00000 1.00000
130.00000 113.00000 2.00000 1.00000 1.00000
212.00000 97.00000 3.00000 0.00000 1.00000
191.00000 89.00000 7.00000 0.00000 1.00000
188.00000 77.00000 3.00000 0.00000 1.00000
156.00000 39.00000 6.00000 0.00000 1.00000
151.00000 75.00000 4.00000 0.00000 1.00000
148.00000 53.00000 3.00000 0.00000 1.00000
167.00000 68.00000 2.00000 0.00000 1.00000
149.00000 66.00000 1.00000 0.00000 1.00000
154.00000 75.00000 1.00000 1.00000 1.00000
196.00000 67.00000 4.00000 0.00000 1.00000
110.00000 54.00000 4.00000 1.00000 1.00000
182.00000 76.00000 2.00000 1.00000 1.00000
99.00000 66.00000 4.00000 1.00000 1.00000
161.00000 59.00000 4.00000 0.00000 1.00000
161.00000 76.00000 4.00000 0.00000 1.00000
161.00000 58.00000 4.00000 0.00000 1.00000
133.00000 75.00000 3.00000 1.00000 1.00000
185.00000 61.00000 3.00000 0.00000 1.00000
172.00000 76.00000 4.00000 0.00000 1.00000
163.00000 85.00000 1.00000 1.00000 1.00000
230.00000 93.00000 4.00000 0.00000 1.00000
183.00000 59.00000 3.00000 0.00000 1.00000
117.00000 104.00000 1.00000 1.00000 1.00000
152.00000 72.00000 2.00000 1.00000 1.00000
184.00000 79.00000 3.00000 1.00000 1.00000
195.00000 67.00000 4.00000 0.00000 1.00000
222.00000 83.00000 5.00000 0.00000 1.00000
214.00000 56.00000 7.00000 0.00000 1.00000
209.00000 72.00000 3.00000 0.00000 1.00000
149.00000 59.00000 3.00000 1.00000 1.00000
160.00000 103.00000 1.00000 1.00000 1.00000
199.00000 100.00000 2.00000 1.00000 1.00000
203.00000 35.00000 6.00000 0.00000 1.00000
154.00000 89.00000 1.00000 1.00000 1.00000
206.00000 57.00000 2.00000 0.00000 1.00000
175.00000 101.00000 3.00000 1.00000 1.00000
140.00000 81.00000 2.00000 1.00000 1.00000
215.00000 103.00000 2.00000 1.00000 1.00000
153.00000 85.00000 4.00000 1.00000 1.00000
177.00000 64.00000 4.00000 0.00000 1.00000
160.00000 80.00000 2.00000 1.00000 1.00000
167.00000 84.00000 3.00000 1.00000 1.00000
158.00000 89.00000 4.00000 0.00000 1.00000
206.00000 90.00000 1.00000 1.00000 1.00000
175.00000 101.00000 5.00000 0.00000 1.00000
140.00000 81.00000 4.00000 1.00000 1.00000
215.00000 103.00000 2.00000 0.00000 1.00000
153.00000 85.00000 4.00000 0.00000 1.00000
177.00000 78.00000 4.00000 0.00000 1.00000
160.00000 80.00000 3.00000 1.00000 1.00000
167.00000 65.00000 2.00000 1.00000 1.00000
210.00000 92.00000 1.00000 1.00000 1.00000
159.00000 83.00000 5.00000 0.00000 1.00000
213.00000 108.00000 1.00000 1.00000 1.00000
169.00000 68.00000 0.00000 1.00000 1.00000
193.00000 85.00000 2.00000 0.00000 1.00000
189.00000 101.00000 1.00000 0.00000 1.00000
108.00000 46.00000 4.00000 1.00000 1.00000
154.00000 57.00000 5.00000 0.00000 1.00000
165.00000 92.00000 2.00000 1.00000 1.00000
180.00000 95.00000 4.00000 0.00000 1.00000
130.00000 113.00000 2.00000 1.00000 1.00000
220.00000 72.00000 4.00000 0.00000 1.00000
159.00000 83.00000 1.00000 1.00000 1.00000
213.00000 108.00000 2.00000 0.00000 1.00000
169.00000 59.00000 3.00000 0.00000 1.00000
193.00000 85.00000 2.00000 0.00000 1.00000
189.00000 101.00000 1.00000 0.00000 1.00000
108.00000 46.00000 4.00000 1.00000 1.00000
154.00000 57.00000 5.00000 0.00000 1.00000
165.00000 92.00000 2.00000 1.00000 1.00000
180.00000 95.00000 4.00000 0.00000 1.00000
130.00000 113.00000 2.00000 1.00000 1.00000
212.00000 97.00000 3.00000 0.00000 1.00000
191.00000 89.00000 7.00000 0.00000 1.00000
188.00000 77.00000 3.00000 0.00000 1.00000
156.00000 39.00000 6.00000 0.00000 1.00000
151.00000 75.00000 4.00000 0.00000 1.00000
148.00000 53.00000 3.00000 0.00000 1.00000
167.00000 68.00000 2.00000 0.00000 1.00000
149.00000 66.00000 1.00000 0.00000 1.00000
154.00000 75.00000 1.00000 1.00000 1.00000
196.00000 67.00000 4.00000 0.00000 1.00000
110.00000 54.00000 4.00000 1.00000 1.00000
182.00000 76.00000 2.00000 1.00000 1.00000
99.00000 66.00000 4.00000 1.00000 1.00000
161.00000 59.00000 4.00000 0.00000 1.00000
161.00000 76.00000 4.00000 0.00000 1.00000
161.00000 58.00000 4.00000 0.00000 1.00000
133.00000 75.00000 3.00000 1.00000 1.00000
185.00000 61.00000 3.00000 0.00000 1.00000
172.00000 76.00000 4.00000 0.00000 1.00000
163.00000 85.00000 1.00000 1.00000 1.00000
230.00000 93.00000 4.00000 0.00000 1.00000
183.00000 59.00000 3.00000 0.00000 1.00000
117.00000 104.00000 1.00000 1.00000 1.00000
152.00000 72.00000 2.00000 1.00000 1.00000
184.00000 79.00000 3.00000 1.00000 1.00000
195.00000 67.00000 4.00000 0.00000 1.00000
222.00000 83.00000 5.00000 0.00000 1.00000
214.00000 56.00000 7.00000 0.00000 1.00000
209.00000 72.00000 3.00000 0.00000 1.00000
149.00000 59.00000 3.00000 1.00000 1.00000
160.00000 103.00000 1.00000 1.00000 1.00000
199.00000 100.00000 2.00000 1.00000 1.00000
203.00000 35.00000 6.00000 0.00000 1.00000
154.00000 89.00000 1.00000 1.00000 1.00000
206.00000 57.00000 2.00000 0.00000 1.00000
175.00000 101.00000 3.00000 1.00000 1.00000
140.00000 81.00000 2.00000 1.00000 1.00000
215.00000 103.00000 2.00000 1.00000 1.00000
153.00000 85.00000 4.00000 1.00000 1.00000
177.00000 64.00000 4.00000 0.00000 1.00000
160.00000 80.00000 2.00000 1.00000 1.00000
167.00000 84.00000 3.00000 1.00000 1.00000
158.00000 89.00000 4.00000 0.00000 1.00000
206.00000 90.00000 1.00000 1.00000 1.00000
175.00000 101.00000 5.00000 0.00000 1.00000
140.00000 81.00000 4.00000 1.00000 1.00000
215.00000 103.00000 2.00000 0.00000 1.00000
153.00000 85.00000 4.00000 0.00000 1.00000
177.00000 78.00000 4.00000 0.00000 1.00000
160.00000 80.00000 3.00000 1.00000 1.00000
167.00000 65.00000 2.00000 1.00000 1.00000
210.00000 92.00000 1.00000 1.00000 1.00000
159.00000 83.00000 5.00000 0.00000 1.00000
213.00000 108.00000 1.00000 1.00000 1.00000
169.00000 68.00000 0.00000 1.00000 1.00000
193.00000 85.00000 2.00000 0.00000 1.00000
189.00000 101.00000 1.00000 0.00000 1.00000
108.00000 46.00000 4.00000 1.00000 1.00000
154.00000 57.00000 5.00000 0.00000 1.00000
165.00000 92.00000 2.00000 1.00000 1.00000
180.00000 95.00000 4.00000 0.00000 1.00000
130.00000 113.00000 2.00000 1.00000 1.00000
220.00000 72.00000 4.00000 0.00000 1.00000
159.00000 83.00000 1.00000 1.00000 1.00000
213.00000 108.00000 2.00000 0.00000 1.00000
169.00000 59.00000 3.00000 0.00000 1.00000
193.00000 85.00000 2.00000 0.00000 1.00000
189.00000 101.00000 1.00000 0.00000 1.00000
108.00000 46.00000 4.00000 1.00000 1.00000
154.00000 57.00000 5.00000 0.00000 1.00000
165.00000 92.00000 2.00000 1.00000 1.00000
180.00000 95.00000 4.00000 0.00000 1.00000
130.00000 113.00000 2.00000 1.00000 1.00000
212.00000 97.00000 3.00000 0.00000 1.00000
191.00000 89.00000 7.00000 0.00000 1.00000
188.00000 77.00000 3.00000 0.00000 1.00000
156.00000 39.00000 6.00000 0.00000 1.00000
151.00000 75.00000 4.00000 0.00000 1.00000
148.00000 53.00000 3.00000 0.00000 1.00000
167.00000 68.00000 2.00000 0.00000 1.00000
149.00000 66.00000 1.00000 0.00000 1.00000
154.00000 75.00000 1.00000 1.00000 1.00000
196.00000 67.00000 4.00000 0.00000 1.00000
110.00000 54.00000 4.00000 1.00000 1.00000
182.00000 76.00000 2.00000 1.00000 1.00000
99.00000 66.00000 4.00000 1.00000 1.00000
161.00000 59.00000 4.00000 0.00000 1.00000
161.00000 76.00000 4.00000 0.00000 1.00000
161.00000 58.00000 4.00000 0.00000 1.00000
133.00000 75.00000 3.00000 1.00000 1.00000
185.00000 61.00000 3.00000 0.00000 1.00000
172.00000 76.00000 4.00000 0.00000 1.00000
163.00000 85.00000 1.00000 1.00000 1.00000
230.00000 93.00000 4.00000 0.00000 1.00000
183.00000 59.00000 3.00000 0.00000 1.00000
117.00000 104.00000 1.00000 1.00000 1.00000
152.00000 72.00000 2.00000 1.00000 1.00000
184.00000 79.00000 3.00000 1.00000 1.00000
195.00000 67.00000 4.00000 0.00000 1.00000
222.00000 83.00000 5.00000 0.00000 1.00000
214.00000 56.00000 7.00000 0.00000 1.00000
209.00000 72.00000 3.00000 0.00000 1.00000
149.00000 59.00000 3.00000 1.00000 1.00000
160.00000 103.00000 1.00000 1.00000 1.00000
199.00000 100.00000 2.00000 1.00000 1.00000
203.00000 35.00000 6.00000 0.00000 1.00000
154.00000 89.00000 1.00000 1.00000 1.00000
206.00000 57.00000 2.00000 0.00000 1.00000
175.00000 101.00000 3.00000 1.00000 1.00000
140.00000 81.00000 2.00000 1.00000 1.00000
215.00000 103.00000 2.00000 1.00000 1.00000
153.00000 85.00000 4.00000 1.00000 1.00000
177.00000 64.00000 4.00000 0.00000 1.00000
160.00000 80.00000 2.00000 1.00000 1.00000
167.00000 84.00000 3.00000 1.00000 1.00000
158.00000 89.00000 4.00000 0.00000 1.00000
206.00000 90.00000 1.00000 1.00000 1.00000
175.00000 101.00000 5.00000 0.00000 1.00000
140.00000 81.00000 4.00000 1.00000 1.00000
215.00000 103.00000 2.00000 0.00000 1.00000
153.00000 85.00000 4.00000 0.00000 1.00000
177.00000 78.00000 4.00000 0.00000 1.00000
160.00000 80.00000 3.00000 1.00000 1.00000
167.00000 65.00000 2.00000 1.00000 1.00000
210.00000 92.00000 1.00000 1.00000 1.00000
159.00000 83.00000 5.00000 0.00000 1.00000
213.00000 108.00000 1.00000 1.00000 1.00000
169.00000 68.00000 0.00000 1.00000 1.00000
193.00000 85.00000 2.00000 0.00000 1.00000
189.00000 101.00000 1.00000 0.00000 1.00000
108.00000 46.00000 4.00000 1.00000 1.00000
154.00000 57.00000 5.00000 0.00000 1.00000
165.00000 92.00000 2.00000 1.00000 1.00000
180.00000 95.00000 4.00000 0.00000 1.00000
130.00000 113.00000 2.00000 1.00000 1.00000
220.00000 72.00000 4.00000 0.00000 1.00000
159.00000 83.00000 1.00000 1.00000 1.00000
213.00000 108.00000 2.00000 0.00000 1.00000
169.00000 59.00000 3.00000 0.00000 1.00000
193.00000 85.00000 2.00000 0.00000 1.00000
189.00000 101.00000 1.00000 0.00000 1.00000
108.00000 46.00000 4.00000 1.00000 1.00000
154.00000 57.00000 5.00000 0.00000 1.00000
165.00000 92.00000 2.00000 1.00000 1.00000
180.00000 95.00000 4.00000 0.00000 1.00000
130.00000 113.00000 2.00000 1.00000 1.00000
212.00000 97.00000 3.00000 0.00000 1.00000
191.00000 89.00000 7.00000 0.00000 1.00000
188.00000 77.00000 3.00000 0.00000 1.00000
156.00000 39.00000 6.00000 0.00000 1.00000
151.00000 75.00000 4.00000 0.00000 1.00000
148.00000 53.00000 3.00000 0.00000 1.00000
167.00000 68.00000 2.00000 0.00000 1.00000
149.00000 66.00000 1.00000 0.00000 1.00000
154.00000 75.00000 1.00000 1.00000 1.00000
196.00000 67.00000 4.00000 0.00000 1.00000
110.00000 54.00000 4.00000 1.00000 1.00000
182.00000 76.00000 2.00000 1.00000 1.00000
99.00000 66.00000 4.00000 1.00000 1.00000
161.00000 59.00000 4.00000 0.00000 1.00000
161.00000 76.00000 4.00000 0.00000 1.00000
161.00000 58.00000 4.00000 0.00000 1.00000
133.00000 75.00000 3.00000 1.00000 1.00000
185.00000 61.00000 3.00000 0.00000 1.00000
172.00000 76.00000 4.00000 0.00000 1.00000
163.00000 85.00000 1.00000 1.00000 1.00000
230.00000 93.00000 4.00000 0.00000 1.00000
183.00000 59.00000 3.00000 0.00000 1.00000
117.00000 104.00000 1.00000 1.00000 1.00000
152.00000 72.00000 2.00000 1.00000 1.00000
184.00000 79.00000 3.00000 1.00000 1.00000
195.00000 67.00000 4.00000 0.00000 1.00000
222.00000 83.00000 5.00000 0.00000 1.00000
214.00000 56.00000 7.00000 0.00000 1.00000
209.00000 72.00000 3.00000 0.00000 1.00000
149.00000 59.00000 3.00000 1.00000 1.00000
160.00000 103.00000 1.00000 1.00000 1.00000
199.00000 100.00000 2.00000 1.00000 1.00000
203.00000 35.00000 6.00000 0.00000 1.00000
154.00000 89.00000 1.00000 1.00000 1.00000
206.00000 57.00000 2.00000 0.00000 1.00000
175.00000 101.00000 3.00000 1.00000 1.00000
140.00000 81.00000 2.00000 1.00000 1.00000
215.00000 103.00000 2.00000 1.00000 1.00000
153.00000 85.00000 4.00000 1.00000 1.00000
177.00000 64.00000 4.00000 0.00000 1.00000
160.00000 80.00000 2.00000 1.00000 1.00000
167.00000 84.00000 3.00000 1.00000 1.00000
158.00000 89.00000 4.00000 0.00000 1.00000
206.00000 90.00000 1.00000 1.00000 1.00000
175.00000 101.00000 5.00000 0.00000 1.00000
140.00000 81.00000 4.00000 1.00000 1.00000
215.00000 103.00000 2.00000 0.00000 1.00000
153.00000 85.00000 4.00000 0.00000 1.00000
177.00000 78.00000 4.00000 0.00000 1.00000
160.00000 80.00000 3.00000 1.00000 1.00000
167.00000 65.00000 2.00000 1.00000 1.00000
210.00000 92.00000 1.00000 1.00000 1.00000
159.00000 83.00000 5.00000 0.00000 1.00000
213.00000 108.00000 1.00000 1.00000 1.00000
169.00000 68.00000 0.00000 1.00000 1.00000
193.00000 85.00000 2.00000 0.00000 1.00000
189.00000 101.00000 1.00000 0.00000 1.00000
108.00000 46.00000 4.00000 1.00000 1.00000
154.00000 57.00000 5.00000 0.00000 1.00000
165.00000 92.00000 2.00000 1.00000 1.00000
180.00000 95.00000 4.00000 0.00000 1.00000
130.00000 113.00000 2.00000 1.00000 1.00000
220.00000 72.00000 4.00000 0.00000 1.00000
159.00000 83.00000 1.00000 1.00000 1.00000
213.00000 108.00000 2.00000 0.00000 1.00000
169.00000 59.00000 3.00000 0.00000 1.00000
193.00000 85.00000 2.00000 0.00000 1.00000
189.00000 101.00000 1.00000 0.00000 1.00000
108.00000 46.00000 4.00000 1.00000 1.00000
154.00000 57.00000 5.00000 0.00000 1.00000
165.00000 92.00000 2.00000 1.00000 1.00000
180.00000 95.00000 4.00000 0.00000 1.00000
130.00000 113.00000 2.00000 1.00000 1.00000
212.00000 97.00000 3.00000 0.00000 1.00000
191.00000 89.00000 7.00000 0.00000 1.00000
188.00000 77.00000 3.00000 0.00000 1.00000
156.00000 39.00000 6.00000 0.00000 1.00000
151.00000 75.00000 4.00000 0.00000 1.00000
148.00000 53.00000 3.00000 0.00000 1.00000
167.00000 68.00000 2.00000 0.00000 1.00000
149.00000 66.00000 1.00000 0.00000 1.00000
154.00000 75.00000 1.00000 1.00000 1.00000
196.00000 67.00000 4.00000 0.00000 1.00000
110.00000 54.00000 4.00000 1.00000 1.00000
182.00000 76.00000 2.00000 1.00000 1.00000
99.00000 66.00000 4.00000 1.00000 1.00000
161.00000 59.00000 4.00000 0.00000 1.00000
161.00000 76.00000 4.00000 0.00000 1.00000
161.00000 58.00000 4.00000 0.00000 1.00000
133.00000 75.00000 3.00000 1.00000 1.00000
185.00000 61.00000 3.00000 0.00000 1.00000
172.00000 76.00000 4.00000 0.00000 1.00000
163.00000 85.00000 1.00000 1.00000 1.00000
230.00000 93.00000 4.00000 0.00000 1.00000
183.00000 59.00000 3.00000 0.00000 1.00000
117.00000 104.00000 1.00000 1.00000 1.00000
152.00000 72.00000 2.00000 1.00000 1.00000
184.00000 79.00000 3.00000 1.00000 1.00000
195.00000 67.00000 4.00000 0.00000 1.00000
222.00000 83.00000 5.00000 0.00000 1.00000
214.00000 56.00000 7.00000 0.00000 1.00000
209.00000 72.00000 3.00000 0.00000 1.00000
149.00000 59.00000 3.00000 1.00000 1.00000
160.00000 103.00000 1.00000 1.00000 1.00000
199.00000 100.00000 2.00000 1.00000 1.00000
203.00000 35.00000 6.00000 0.00000 1.00000
154.00000 89.00000 1.00000 1.00000 1.00000
206.00000 57.00000 2.00000 0.00000 1.00000
175.00000 101.00000 3.00000 1.00000 1.00000
140.00000 81.00000 2.00000 1.00000 1.00000
215.00000 103.00000 2.00000 1.00000 1.00000
153.00000 85.00000 4.00000 1.00000 1.00000
177.00000 64.00000 4.00000 0.00000 1.00000
160.00000 80.00000 2.00000 1.00000 1.00000
167.00000 84.00000 3.00000 1.00000 1.00000
158.00000 89.00000 4.00000 0.00000 1.00000
206.00000 90.00000 1.00000 1.00000 1.00000
175.00000 101.00000 5.00000 0.00000 1.00000
140.00000 81.00000 4.00000 1.00000 1.00000
215.00000 103.00000 2.00000 0.00000 1.00000
153.00000 85.00000 4.00000 0.00000 1.00000
177.00000 78.00000 4.00000 0.00000 1.00000
160.00000 80.00000 3.00000 1.00000 1.00000
167.00000 65.00000 2.00000 1.00000 1.00000
210.00000 92.00000 1.00000 1.00000 1.00000
159.00000 83.00000 5.00000 0.00000 1.00000
213.00000 108.00000 1.00000 1.00000 1.00000
169.00000 68.00000 0.00000 1.00000 1.00000
193.00000 85.00000 2.00000 0.00000 1.00000
189.00000 101.00000 1.00000 0.00000 1.00000
108.00000 46.00000 4.00000 1.00000 1.00000
154.00000 57.00000 5.00000 0.00000 1.00000
165.00000 92.00000 2.00000 1.00000 1.00000
180.00000 95.00000 4.00000 0.00000 1.00000
130.00000 113.00000 2.00000 1.00000 1.00000
220.00000 72.00000 4.00000 0.00000 1.00000
159.00000 83.00000 1.00000 1.00000 1.00000
213.00000 108.00000 2.00000 0.00000 1.00000
169.00000 59.00000 3.00000 0.00000 1.00000
193.00000 85.00000 2.00000 0.00000 1.00000
189.00000 101.00000 1.00000 0.00000 1.00000
108.00000 46.00000 4.00000 1.00000 1.00000
154.00000 57.00000 5.00000 0.00000 1.00000
165.00000 92.00000 2.00000 1.00000 1.00000
180.00000 95.00000 4.00000 0.00000 1.00000
130.00000 113.00000 2.00000 1.00000 1.00000
212.00000 97.00000 3.00000 0.00000 1.00000
191.00000 89.00000 7.00000 0.00000 1.00000
188.00000 77.00000 3.00000 0.00000 1.00000
156.00000 39.00000 6.00000 0.00000 1.00000
151.00000 75.00000 4.00000 0.00000 1.00000
148.00000 53.00000 3.00000 0.00000 1.00000
167.00000 68.00000 2.00000 0.00000 1.00000
149.00000 66.00000 1.00000 0.00000 1.00000
154.00000 75.00000 1.00000 1.00000 1.00000
196.00000 67.00000 4.00000 0.00000 1.00000
110.00000 54.00000 4.00000 1.00000 1.00000
182.00000 76.00000 2.00000 1.00000 1.00000
99.00000 66.00000 4.00000 1.00000 1.00000
161.00000 59.00000 4.00000 0.00000 1.00000
161.00000 76.00000 4.00000 0.00000 1.00000
161.00000 58.00000 4.00000 0.00000 1.00000
133.00000 75.00000 3.00000 1.00000 1.00000
185.00000 61.00000 3.00000 0.00000 1.00000
172.00000 76.00000 4.00000 0.00000 1.00000
163.00000 85.00000 1.00000 1.00000 1.00000
230.00000 93.00000 4.00000 0.00000 1.00000
183.00000 59.00000 3.00000 0.00000 1.00000
117.00000 104.00000 1.00000 1.00000 1.00000
152.00000 72.00000 2.00000 1.00000 1.00000
184.00000 79.00000 3.00000 1.00000 1.00000
195.00000 67.00000 4.00000 0.00000 1.00000
222.00000 83.00000 5.00000 0.00000 1.00000
214.00000 56.00000 7.00000 0.00000 1.00000
209.00000 72.00000 3.00000 0.00000 1.00000
149.00000 59.00000 3.00000 1.00000 1.00000
160.00000 103.00000 1.00000 1.00000 1.00000
199.00000 100.00000 2.00000 1.00000 1.00000
203.00000 35.00000 6.00000 0.00000 1.00000
154.00000 89.00000 1.00000 1.00000 1.00000
206.00000 57.00000 2.00000 0.00000 1.00000
175.00000 101.00000 3.00000 1.00000 1.00000
140.00000 81.00000 2.00000 1.00000 1.00000
215.00000 103.00000 2.00000 1.00000 1.00000
153.00000 85.00000 4.00000 1.00000 1.00000
177.00000 64.00000 4.00000 0.00000 1.00000
160.00000 80.00000 2.00000 1.00000 1.00000
167.00000 84.00000 3.00000 1.00000 1.00000
158.00000 89.00000 4.00000 0.00000 1.00000
206.00000 90.00000 1.00000 1.00000 1.00000
175.00000 101.00000 5.00000 0.00000 1.00000
140.00000 81.00000 4.00000 1.00000 1.00000
215.00000 103.00000 2.00000 0.00000 1.00000
153.00000 85.00000 4.00000 0.00000 1.00000
177.00000 78.00000 4.00000 0.00000 1.00000
160.00000 80.00000 3.00000 1.00000 1.00000
167.00000 65.00000 2.00000 1.00000 1.00000
210.00000 92.00000 1.00000 1.00000 1.00000
159.00000 83.00000 5.00000 0.00000 1.00000
213.00000 108.00000 1.00000 1.00000 1.00000
169.00000 68.00000 0.00000 1.00000 1.00000
193.00000 85.00000 2.00000 0.00000 1.00000
189.00000 101.00000 1.00000 0.00000 1.00000
108.00000 46.00000 4.00000 1.00000 1.00000
154.00000 57.00000 5.00000 0.00000 1.00000
165.00000 92.00000 2.00000 1.00000 1.00000
180.00000 95.00000 4.00000 0.00000 1.00000
130.00000 113.00000 2.00000 1.00000 1.00000
220.00000 72.00000 4.00000 0.00000 1.00000
159.00000 83.00000 1.00000 1.00000 1.00000
213.00000 108.00000 2.00000 0.00000 1.00000
169.00000 59.00000 3.00000 0.00000 1.00000
193.00000 85.00000 2.00000 0.00000 1.00000
189.00000 101.00000 1.00000 0.00000 1.00000
108.00000 46.00000 4.00000 1.00000 1.00000
154.00000 57.00000 5.00000 0.00000 1.00000
165.00000 92.00000 2.00000 1.00000 1.00000
180.00000 95.00000 4.00000 0.00000 1.00000
130.00000 113.00000 2.00000 1.00000 1.00000
212.00000 97.00000 3.00000 0.00000 1.00000
191.00000 89.00000 7.00000 0.00000 1.00000
188.00000 77.00000 3.00000 0.00000 1.00000
156.00000 39.00000 6.00000 0.00000 1.00000
151.00000 75.00000 4.00000 0.00000 1.00000
148.00000 53.00000 3.00000 0.00000 1.00000
167.00000 68.00000 2.00000 0.00000 1.00000
149.00000 66.00000 1.00000 0.00000 1.00000
154.00000 75.00000 1.00000 1.00000 1.00000
196.00000 67.00000 4.00000 0.00000 1.00000
110.00000 54.00000 4.00000 1.00000 1.00000
182.00000 76.00000 2.00000 1.00000 1.00000
99.00000 66.00000 4.00000 1.00000 1.00000
161.00000 59.00000 4.00000 0.00000 1.00000
161.00000 76.00000 4.00000 0.00000 1.00000
161.00000 58.00000 4.00000 0.00000 1.00000
133.00000 75.00000 3.00000 1.00000 1.00000
185.00000 61.00000 3.00000 0.00000 1.00000
172.00000 76.00000 4.00000 0.00000 1.00000
163.00000 85.00000 1.00000 1.00000 1.00000
230.00000 93.00000 4.00000 0.00000 1.00000
183.00000 59.00000 3.00000 0.00000 1.00000
117.00000 104.00000 1.00000 1.00000 1.00000
152.00000 72.00000 2.00000 1.00000 1.00000
184.00000 79.00000 3.00000 1.00000 1.00000
195.00000 67.00000 4.00000 0.00000 1.00000
222.00000 83.00000 5.00000 0.00000 1.00000
214.00000 56.00000 7.00000 0.00000 1.00000
209.00000 72.00000 3.00000 0.00000 1.00000
149.00000 59.00000 3.00000 1.00000 1.00000
160.00000 103.00000 1.00000 1.00000 1.00000
199.00000 100.00000 2.00000 1.00000 1.00000
203.00000 35.00000 6.00000 0.00000 1.00000
154.00000 89.00000 1.00000 1.00000 1.00000
206.00000 57.00000 2.00000 0.00000 1.00000
175.00000 101.00000 3.00000 1.00000 1.00000
140.00000 81.00000 2.00000 1.00000 1.00000
215.00000 103.00000 2.00000 1.00000 1.00000
153.00000 85.00000 4.00000 1.00000 1.00000
177.00000 64.00000 4.00000 0.00000 1.00000
160.00000 80.00000 2.00000 1.00000 1.00000
167.00000 84.00000 3.00000 1.00000 1.00000
158.00000 89.00000 4.00000 0.00000 1.00000
206.00000 90.00000 1.00000 1.00000 1.00000
175.00000 101.00000 5.00000 0.00000 1.00000
140.00000 81.00000 4.00000 1.00000 1.00000
215.00000 103.00000 2.00000 0.00000 1.00000
153.00000 85.00000 4.00000 0.00000 1.00000
177.00000 78.00000 4.00000 0.00000 1.00000
160.00000 80.00000 3.00000 1.00000 1.00000
167.00000 65.00000 2.00000 1.00000 1.00000
210.00000 92.00000 1.00000 1.00000 1.00000
159.00000 83.00000 5.00000 0.00000 1.00000
213.00000 108.00000 1.00000 1.00000 1.00000
169.00000 68.00000 0.00000 1.00000 1.00000
193.00000 85.00000 2.00000 0.00000 1.00000
189.00000 101.00000 1.00000 0.00000 1.00000
108.00000 46.00000 4.00000 1.00000 1.00000
154.00000 57.00000 5.00000 0.00000 1.00000
165.00000 92.00000 2.00000 1.00000 1.00000
180.00000 95.00000 4.00000 0.00000 1.00000
130.00000 113.00000 2.00000 1.00000 1.00000
220.00000 72.00000 4.00000 0.00000 1.00000
159.00000 83.00000 1.00000 1.00000 1.00000
213.00000 108.00000 2.00000 0.00000 1.00000
169.00000 59.00000 3.00000 0.00000 1.00000
193.00000 85.00000 2.00000 0.00000 1.00000
189.00000 101.00000 1.00000 0.00000 1.00000
108.00000 46.00000 4.00000 1.00000 1.00000
154.00000 57.00000 5.00000 0.00000 1.00000
165.00000 92.00000 2.00000 1.00000 1.00000
180.00000 95.00000 4.00000 0.00000 1.00000
130.00000 113.00000 2.00000 1.00000 1.00000
212.00000 97.00000 3.00000 0.00000 1.00000
191.00000 89.00000 7.00000 0.00000 1.00000
188.00000 77.00000 3.00000 0.00000 1.00000
156.00000 39.00000 6.00000 0.00000 1.00000
151.00000 75.00000 4.00000 0.00000 1.00000
148.00000 53.00000 3.00000 0.00000 1.00000
167.00000 68.00000 2.00000 0.00000 1.00000
149.00000 66.00000 1.00000 0.00000 1.00000
154.00000 75.00000 1.00000 1.00000 1.00000
196.00000 67.00000 4.00000 0.00000 1.00000
110.00000 54.00000 4.00000 1.00000 1.00000
182.00000 76.00000 2.00000 1.00000 1.00000
99.00000 66.00000 4.00000 1.00000 1.00000
161.00000 59.00000 4.00000 0.00000 1.00000
161.00000 76.00000 4.00000 0.00000 1.00000
161.00000 58.00000 4.00000 0.00000 1.00000
133.00000 75.00000 3.00000 1.00000 1.00000
185.00000 61.00000 3.00000 0.00000 1.00000
172.00000 76.00000 4.00000 0.00000 1.00000
163.00000 85.00000 1.00000 1.00000 1.00000
230.00000 93.00000 4.00000 0.00000 1.00000
183.00000 59.00000 3.00000 0.00000 1.00000
117.00000 104.00000 1.00000 1.00000 1.00000
152.00000 72.00000 2.00000 1.00000 1.00000
184.00000 79.00000 3.00000 1.00000 1.00000
195.00000 67.00000 4.00000 0.00000 1.00000
222.00000 83.00000 5.00000 0.00000 1.00000
214.00000 56.00000 7.00000 0.00000 1.00000
209.00000 72.00000 3.00000 0.00000 1.00000
149.00000 59.00000 3.00000 1.00000 1.00000
160.00000 103.00000 1.00000 1.00000 1.00000
199.00000 100.00000 2.00000 1.00000 1.00000
203.00000 35.00000 6.00000 0.00000 1.00000
154.00000 89.00000 1.00000 1.00000 1.00000
206.00000 57.00000 2.00000 0.00000 1.00000
175.00000 101.00000 3.00000 1.00000 1.00000
140.00000 81.00000 2.00000 1.00000 1.00000
215.00000 103.00000 2.00000 1.00000 1.00000
153.00000 85.00000 4.00000 1.00000 1.00000
177.00000 64.00000 4.00000 0.00000 1.00000
160.00000 80.00000 2.00000 1.00000 1.00000
167.00000 84.00000 3.00000 1.00000 1.00000
158.00000 89.00000 4.00000 0.00000 1.00000
206.00000 90.00000 1.00000 1.00000 1.00000
175.00000 101.00000 5.00000 0.00000 1.00000
140.00000 81.00000 4.00000 1.00000 1.00000
215.00000 103.00000 2.00000 0.00000 1.00000
153.00000 85.00000 4.00000 0.00000 1.00000
177.00000 78.00000 4.00000 0.00000 1.00000
160.00000 80.00000 3.00000 1.00000 1.00000
167.00000 65.00000 2.00000 1.00000 1.00000
210.00000 92.00000 1.00000 1.00000 1.00000
159.00000 83.00000 5.00000 0.00000 1.00000
213.00000 108.00000 1.00000 1.00000 1.00000
169.00000 68.00000 0.00000 1.00000 1.00000
193.00000 85.00000 2.00000 0.00000 1.00000
189.00000 101.00000 1.00000 0.00000 1.00000
108.00000 46.00000 4.00000 1.00000 1.00000
154.00000 57.00000 5.00000 0.00000 1.00000
165.00000 92.00000 2.00000 1.00000 1.00000
180.00000 95.00000 4.00000 0.00000 1.00000
130.00000 113.00000 2.00000 1.00000 1.00000
220.00000 72.00000 4.00000 0.00000 1.00000
159.00000 83.00000 1.00000 1.00000 1.00000
213.00000 108.00000 2.00000 0.00000 1.00000
169.00000 59.00000 3.00000 0.00000 1.00000
193.00000 85.00000 2.00000 0.00000 1.00000
189.00000 101.00000 1.00000 0.00000 1.00000
108.00000 46.00000 4.00000 1.00000 1.00000
154.00000 57.00000 5.00000 0.00000 1.00000
165.00000 92.00000 2.00000 1.00000 1.00000
180.00000 95.00000 4.00000 0.00000 1.00000
130.00000 113.00000 2.00000 1.00000 1.00000
212.00000 97.00000 3.00000 0.00000 1.00000
191.00000 89.00000 7.00000 0.00000 1.00000
188.00000 77.00000 3.00000 0.00000 1.00000
156.00000 39.00000 6.00000 0.00000 1.00000
151.00000 75.00000 4.00000 0.00000 1.00000
148.00000 53.00000 3.00000 0.00000 1.00000
167.00000 68.00000 2.00000 0.00000 1.00000
149.00000 66.00000 1.00000 0.00000 1.00000
154.00000 75.00000 1.00000 1.00000 1.00000
196.00000 67.00000 4.00000 0.00000 1.00000
110.00000 54.00000 4.00000 1.00000 1.00000
182.00000 76.00000 2.00000 1.00000 1.00000
99.00000 66.00000 4.00000 1.00000 1.00000
161.00000 59.00000 4.00000 0.00000 1.00000
161.00000 76.00000 4.00000 0.00000 1.00000
161.00000 58.00000 4.00000 0.00000 1.00000
133.00000 75.00000 3.00000 1.00000 1.00000
185.00000 61.00000 3.00000 0.00000 1.00000
172.00000 76.00000 4.00000 0.00000 1.00000
163.00000 85.00000 1.00000 1.00000 1.00000
230.00000 93.00000 4.00000 0.00000 1.00000
183.00000 59.00000 3.00000 0.00000 1.00000
117.00000 104.00000 1.00000 1.00000 1.00000
152.00000 72.00000 2.00000 1.00000 1.00000
184.00000 79.00000 3.00000 1.00000 1.00000
195.00000 67.00000 4.00000 0.00000 1.00000
222.00000 83.00000 5.00000 0.00000 1.00000
214.00000 56.00000 7.00000 0.00000 1.00000
209.00000 72.00000 3.00000 0.00000 1.00000
149.00000 59.00000 3.00000 1.00000 1.00000
160.00000 103.00000 1.00000 1.00000 1.00000
199.00000 100.00000 2.00000 1.00000 1.00000
203.00000 35.00000 6.00000 0.00000 1.00000
154.00000 89.00000 1.00000 1.00000 1.00000
206.00000 57.00000 2.00000 0.00000 1.00000
175.00000 101.00000 3.00000 1.00000 1.00000
140.00000 81.00000 2.00000 1.00000 1.00000
215.00000 103.00000 2.00000 1.00000 1.00000
153.00000 85.00000 4.00000 1.00000 1.00000
177.00000 64.00000 4.00000 0.00000 1.00000
160.00000 80.00000 2.00000 1.00000 1.00000
167.00000 84.00000 3.00000 1.00000 1.00000
158.00000 89.00000 4.00000 0.00000 1.00000
206.00000 90.00000 1.00000 1.00000 1.00000
175.00000 101.00000 5.00000 0.00000 1.00000
140.00000 81.00000 4.00000 1.00000 1.00000
215.00000 103.00000 2.00000 0.00000 1.00000
153.00000 85.00000 4.00000 0.00000 1.00000
177.00000 78.00000 4.00000 0.00000 1.00000
160.00000 80.00000 3.00000 1.00000 1.00000
167.00000 65.00000 2.00000 1.00000 1.00000
210.00000 92.00000 1.00000 1.00000 1.00000
159.00000 83.00000 5.00000 0.00000 1.00000
213.00000 108.00000 1.00000 1.00000 1.00000
169.00000 68.00000 0.00000 1.00000 1.00000
193.00000 85.00000 2.00000 0.00000 1.00000
189.00000 101.00000 1.00000 0.00000 1.00000
108.00000 46.00000 4.00000 1.00000 1.00000
154.00000 57.00000 5.00000 0.00000 1.00000
165.00000 92.00000 2.00000 1.00000 1.00000
180.00000 95.00000 4.00000 0.00000 1.00000
130.00000 113.00000 2.00000 1.00000 1.00000
220.00000 72.00000 4.00000 0.00000 1.00000
159.00000 83.00000 1.00000 1.00000 1.00000
213.00000 108.00000 2.00000 0.00000 1.00000
169.00000 59.00000 3.00000 0.00000 1.00000
193.00000 85.00000 2.00000 0.00000 1.00000
189.00000 101.00000 1.00000 0.00000 1.00000
108.00000 46.00000 4.00000 1.00000 1.00000
154.00000 57.00000 5.00000 0.00000 1.00000
165.00000 92.00000 2.00000 1.00000 1.00000
180.00000 95.00000 4.00000 0.00000 1.00000
130.00000 113.00000 2.00000 1.00000 1.00000
212.00000 97.00000 3.00000 0.00000 1.00000
191.00000 89.00000 7.00000 0.00000 1.00000
188.00000 77.00000 3.00000 0.00000 1.00000
156.00000 39.00000 6.00000 0.00000 1.00000
151.00000 75.00000 4.00000 0.00000 1.00000
148.00000 53.00000 3.00000 0.00000 1.00000
167.00000 68.00000 2.00000 0.00000 1.00000
149.00000 66.00000 1.00000 0.00000 1.00000
154.00000 75.00000 1.00000 1.00000 1.00000
196.00000 67.00000 4.00000 0.00000 1.00000
110.00000 54.00000 4.00000 1.00000 1.00000
182.00000 76.00000 2.00000 1.00000 1.00000
99.00000 66.00000 4.00000 1.00000 1.00000
161.00000 59.00000 4.00000 0.00000 1.00000
161.00000 76.00000 4.00000 0.00000 1.00000
161.00000 58.00000 4.00000 0.00000 1.00000
133.00000 75.00000 3.00000 1.00000 1.00000
185.00000 61.00000 3.00000 0.00000 1.00000
172.00000 76.00000 4.00000 0.00000 1.00000
163.00000 85.00000 1.00000 1.00000 1.00000
230.00000 93.00000 4.00000 0.00000 1.00000
183.00000 59.00000 3.00000 0.00000 1.00000
117.00000 104.00000 1.00000 1.00000 1.00000
152.00000 72.00000 2.00000 1.00000 1.00000
184.00000 79.00000 3.00000 1.00000 1.00000
195.00000 67.00000 4.00000 0.00000 1.00000
222.00000 83.00000 5.00000 0.00000 1.00000
214.00000 56.00000 7.00000 0.00000 1.00000
209.00000 72.00000 3.00000 0.00000 1.00000
149.00000 59.00000 3.00000 1.00000 1.00000
160.00000 103.00000 1.00000 1.00000 1.00000
199.00000 100.00000 2.00000 1.00000 1.00000
203.00000 35.00000 6.00000 0.00000 1.00000
154.00000 89.00000 1.00000 1.00000 1.00000
206.00000 57.00000 2.00000 0.00000 1.00000
175.00000 101.00000 3.00000 1.00000 1.00000
140.00000 81.00000 2.00000 1.00000 1.00000
215.00000 103.00000 2.00000 1.00000 1.00000
153.00000 85.00000 4.00000 1.00000 1.00000
177.00000 64.00000 4.00000 0.00000 1.00000
160.00000 80.00000 2.00000 1.00000 1.00000
167.00000 84.00000 3.00000 1.00000 1.00000
158.00000 89.00000 4.00000 0.00000 1.00000
206.00000 90.00000 1.00000 1.00000 1.00000
175.00000 101.00000 5.00000 0.00000 1.00000
140.00000 81.00000 4.00000 1.00000 1.00000
215.00000 103.00000 2.00000 0.00000 1.00000
153.00000 85.00000 4.00000 0.00000 1.00000
177.00000 78.00000 4.00000 0.00000 1.00000
160.00000 80.00000 3.00000 1.00000 1.00000
167.00000 65.00000 2.00000 1.00000 1.00000
210.00000 92.00000 1.00000 1.00000 1.00000
159.00000 83.00000 5.00000 0.00000 1.00000
213.00000 108.00000 1.00000 1.00000 1.00000
169.00000 68.00000 0.00000 1.00000 1.00000
193.00000 85.00000 2.00000 0.00000 1.00000
189.00000 101.00000 1.00000 0.00000 1.00000
108.00000 46.00000 4.00000 1.00000 1.00000
154.00000 57.00000 5.00000 0.00000 1.00000
165.00000 92.00000 2.00000 1.00000 1.00000
180.00000 95.00000 4.00000 0.00000 1.00000
130.00000 113.00000 2.00000 1.00000 1.00000
220.00000 72.00000 4.00000 0.00000 1.00000
159.00000 83.00000 1.00000 1.00000 1.00000
213.00000 108.00000 2.00000 0.00000 1.00000
169.00000 59.00000 3.00000 0.00000 1.00000
193.00000 85.00000 2.00000 0.00000 1.00000
189.00000 101.00000 1.00000 0.00000 1.00000
108.00000 46.00000 4.00000 1.00000 1.00000
154.00000 57.00000 5.00000 0.00000 1.00000
165.00000 92.00000 2.00000 1.00000 1.00000
180.00000 95.00000 4.00000 0.00000 1.00000
130.00000 113.00000 2.00000 1.00000 1.00000
212.00000 97.00000 3.00000 0.00000 1.00000
191.00000 89.00000 7.00000 0.00000 1.00000
188.00000 77.00000 3.00000 0.00000 1.00000
156.00000 39.00000 6.00000 0.00000 1.00000
151.00000 75.00000 4.00000 0.00000 1.00000
148.00000 53.00000 3.00000 0.00000 1.00000
167.00000 68.00000 2.00000 0.00000 1.00000
149.00000 66.00000 1.00000 0.00000 1.00000
154.00000 75.00000 1.00000 1.00000 1.00000
196.00000 67.00000 4.00000 0.00000 1.00000
110.00000 54.00000 4.00000 1.00000 1.00000
182.00000 76.00000 2.00000 1.00000 1.00000
99.00000 66.00000 4.00000 1.00000 1.00000
161.00000 59.00000 4.00000 0.00000 1.00000
161.00000 76.00000 4.00000 0.00000 1.00000
161.00000 58.00000 4.00000 0.00000 1.00000
133.00000 75.00000 3.00000 1.00000 1.00000
185.00000 61.00000 3.00000 0.00000 1.00000
172.00000 76.00000 4.00000 0.00000 1.00000
163.00000 85.00000 1.00000 1.00000 1.00000
230.00000 93.00000 4.00000 0.00000 1.00000
183.00000 59.00000 3.00000 0.00000 1.00000
117.00000 104.00000 1.00000 1.00000 1.00000
152.00000 72.00000 2.00000 1.00000 1.00000
184.00000 79.00000 3.00000 1.00000 1.00000
195.00000 67.00000 4.00000 0.00000 1.00000
222.00000 83.00000 5.00000 0.00000 1.00000
214.00000 56.00000 7.00000 0.00000 1.00000
209.00000 72.00000 3.00000 0.00000 1.00000
149.00000 59.00000 3.00000 1.00000 1.00000
160.00000 103.00000 1.00000 1.00000 1.00000
199.00000 100.00000 2.00000 1.00000 1.00000
203.00000 35.00000 6.00000 0.00000 1.00000
154.00000 89.00000 1.00000 1.00000 1.00000
206.00000 57.00000 2.00000 0.00000 1.00000
175.00000 101.00000 3.00000 1.00000 1.00000
140.00000 81.00000 2.00000 1.00000 1.00000
215.00000 103.00000 2.00000 1.00000 1.00000
153.00000 85.00000 4.00000 1.00000 1.00000
177.00000 64.00000 4.00000 0.00000 1.00000
160.00000 80.00000 2.00000 1.00000 1.00000
167.00000 84.00000 3.00000 1.00000 1.00000
158.00000 89.00000 4.00000 0.00000 1.00000
206.00000 90.00000 1.00000 1.00000 1.00000
175.00000 101.00000 5.00000 0.00000 1.00000
140.00000 81.00000 4.00000 1.00000 1.00000
215.00000 103.00000 2.00000 0.00000 1.00000
153.00000 85.00000 4.00000 0.00000 1.00000
177.00000 78.00000 4.00000 0.00000 1.00000
160.00000 80.00000 3.00000 1.00000 1.00000
167.00000 65.00000 2.00000 1.00000 1.00000
210.00000 92.00000 1.00000 1.00000 1.00000
159.00000 83.00000 5.00000 0.00000 1.00000
213.00000 108.00000 1.00000 1.00000 1.00000
169.00000 68.00000 0.00000 1.00000 1.00000
193.00000 85.00000 2.00000 0.00000 1.00000
189.00000 101.00000 1.00000 0.00000 1.00000
108.00000 46.00000 4.00000 1.00000 1.00000
154.00000 57.00000 5.00000 0.00000 1.00000
165.00000 92.00000 2.00000 1.00000 1.00000
180.00000 95.00000 4.00000 0.00000 1.00000
130.00000 113.00000 2.00000 1.00000 1.00000
220.00000 72.00000 4.00000 0.00000 1.00000
159.00000 83.00000 1.00000 1.00000 1.00000
213.00000 108.00000 2.00000 0.00000 1.00000
169.00000 59.00000 3.00000 0.00000 1.00000
193.00000 85.00000 2.00000 0.00000 1.00000
189.00000 101.00000 1.00000 0.00000 1.00000
108.00000 46.00000 4.00000 1.00000 1.00000
154.00000 57.00000 5.00000 0.00000 1.00000
165.00000 92.00000 2.00000 1.00000 1.00000
180.00000 95.00000 4.00000 0.00000 1.00000
130.00000 113.00000 2.00000 1.00000 1.00000
212.00000 97.00000 3.00000 0.00000 1.00000
191.00000 89.00000 7.00000 0.00000 1.00000
188.00000 77.00000 3.00000 0.00000 1.00000
156.00000 39.00000 6.00000 0.00000 1.00000
151.00000 75.00000 4.00000 0.00000 1.00000
148.00000 53.00000 3.00000 0.00000 1.00000
167.00000 68.00000 2.00000 0.00000 1.00000
149.00000 66.00000 1.00000 0.00000 1.00000
154.00000 75.00000 1.00000 1.00000 1.00000
196.00000 67.00000 4.00000 0.00000 1.00000
110.00000 54.00000 4.00000 1.00000 1.00000
182.00000 76.00000 2.00000 1.00000 1.00000
99.00000 66.00000 4.00000 1.00000 1.00000
161.00000 59.00000 4.00000 0.00000 1.00000
161.00000 76.00000 4.00000 0.00000 1.00000
161.00000 58.00000 4.00000 0.00000 1.00000
133.00000 75.00000 3.00000 1.00000 1.00000
185.00000 61.00000 3.00000 0.00000 1.00000
172.00000 76.00000 4.00000 0.00000 1.00000
163.00000 85.00000 1.00000 1.00000 1.00000
230.00000 93.00000 4.00000 0.00000 1.00000
183.00000 59.00000 3.00000 0.00000 1.00000
117.00000 104.00000 1.00000 1.00000 1.00000
152.00000 72.00000 2.00000 1.00000 1.00000
184.00000 79.00000 3.00000 1.00000 1.00000
195.00000 67.00000 4.00000 0.00000 1.00000
222.00000 83.00000 5.00000 0.00000 1.00000
214.00000 56.00000 7.00000 0.00000 1.00000
209.00000 72.00000 3.00000 0.00000 1.00000
149.00000 59.00000 3.00000 1.00000 1.00000
160.00000 103.00000 1.00000 1.00000 1.00000
199.00000 100.00000 2.00000 1.00000 1.00000
203.00000 35.00000 6.00000 0.00000 1.00000
154.00000 89.00000 1.00000 1.00000 1.00000
206.00000 57.00000 2.00000 0.00000 1.00000
175.00000 101.00000 3.00000 1.00000 1.00000
140.00000 81.00000 2.00000 1.00000 1.00000
215.00000 103.00000 2.00000 1.00000 1.00000
153.00000 85.00000 4.00000 1.00000 1.00000
177.00000 64.00000 4.00000 0.00000 1.00000
160.00000 80.00000 2.00000 1.00000 1.00000
167.00000 84.00000 3.00000 1.00000 1.00000
158.00000 89.00000 4.00000 0.00000 1.00000
206.00000 90.00000 1.00000 1.00000 1.00000
175.00000 101.00000 5.00000 0.00000 1.00000
140.00000 81.00000 4.00000 1.00000 1.00000
215.00000 103.00000 2.00000 0.00000 1.00000
153.00000 85.00000 4.00000 0.00000 1.00000
177.00000 78.00000 4.00000 0.00000 1.00000
160.00000 80.00000 3.00000 1.00000 1.00000
167.00000 65.00000 2.00000 1.00000 1.00000
210.00000 92.00000 1.00000 1.00000 1.00000
159.00000 83.00000 5.00000 0.00000 1.00000
213.00000 108.00000 1.00000 1.00000 1.00000
169.00000 68.00000 0.00000 1.00000 1.00000
193.00000 85.00000 2.00000 0.00000 1.00000
189.00000 101.00000 1.00000 0.00000 1.00000
108.00000 46.00000 4.00000 1.00000 1.00000
154.00000 57.00000 5.00000 0.00000 1.00000
165.00000 92.00000 2.00000 1.00000 1.00000
180.00000 95.00000 4.00000 0.00000 1.00000
130.00000 113.00000 2.00000 1.00000 1.00000
220.00000 72.00000 4.00000 0.00000 1.00000
159.00000 83.00000 1.00000 1.00000 1.00000
213.00000 108.00000 2.00000 0.00000 1.00000
169.00000 59.00000 3.00000 0.00000 1.00000
193.00000 85.00000 2.00000 0.00000 1.00000
189.00000 101.00000 1.00000 0.00000 1.00000
108.00000 46.00000 4.00000 1.00000 1.00000
154.00000 57.00000 5.00000 0.00000 1.00000
165.00000 92.00000 2.00000 1.00000 1.00000
180.00000 95.00000 4.00000 0.00000 1.00000
130.00000 113.00000 2.00000 1.00000 1.00000
212.00000 97.00000 3.00000 0.00000 1.00000
191.00000 89.00000 7.00000 0.00000 1.00000
188.00000 77.00000 3.00000 0.00000 1.00000
156.00000 39.00000 6.00000 0.00000 1.00000
151.00000 75.00000 4.00000 0.00000 1.00000
148.00000 53.00000 3.00000 0.00000 1.00000
167.00000 68.00000 2.00000 0.00000 1.00000
149.00000 66.00000 1.00000 0.00000 1.00000
154.00000 75.00000 1.00000 1.00000 1.00000
196.00000 67.00000 4.00000 0.00000 1.00000
110.00000 54.00000 4.00000 1.00000 1.00000
182.00000 76.00000 2.00000 1.00000 1.00000
99.00000 66.00000 4.00000 1.00000 1.00000
161.00000 59.00000 4.00000 0.00000 1.00000
161.00000 76.00000 4.00000 0.00000 1.00000
161.00000 58.00000 4.00000 0.00000 1.00000
133.00000 75.00000 3.00000 1.00000 1.00000
185.00000 61.00000 3.00000 0.00000 1.00000
172.00000 76.00000 4.00000 0.00000 1.00000
163.00000 85.00000 1.00000 1.00000 1.00000
230.00000 93.00000 4.00000 0.00000 1.00000
183.00000 59.00000 3.00000 0.00000 1.00000
117.00000 104.00000 1.00000 1.00000 1.00000
152.00000 72.00000 2.00000 1.00000 1.00000
184.00000 79.00000 3.00000 1.00000 1.00000
195.00000 67.00000 4.00000 0.00000 1.00000
222.00000 83.00000 5.00000 0.00000 1.00000
214.00000 56.00000 7.00000 0.00000 1.00000
209.00000 72.00000 3.00000 0.00000 1.00000
149.00000 59.00000 3.00000 1.00000 1.00000
160.00000 103.00000 1.00000 1.00000 1.00000
199.00000 100.00000 2.00000 1.00000 1.00000
203.00000 35.00000 6.00000 0.00000 1.00000
154.00000 89.00000 1.00000 1.00000 1.00000
206.00000 57.00000 2.00000 0.00000 1.00000
175.00000 101.00000 3.00000 1.00000 1.00000
140.00000 81.00000 2.00000 1.00000 1.00000
215.00000 103.00000 2.00000 1.00000 1.00000
153.00000 85.00000 4.00000 1.00000 1.00000
177.00000 64.00000 4.00000 0.00000 1.00000
160.00000 80.00000 2.00000 1.00000 1.00000
167.00000 84.00000 3.00000 1.00000 1.00000
158.00000 89.00000 4.00000 0.00000 1.00000
206.00000 90.00000 1.00000 1.00000 1.00000
175.00000 101.00000 5.00000 0.00000 1.00000
140.00000 81.00000 4.00000 1.00000 1.00000
215.00000 103.00000 2.00000 0.00000 1.00000
153.00000 85.00000 4.00000 0.00000 1.00000
177.00000 78.00000 4.00000 0.00000 1.00000
160.00000 80.00000 3.00000 1.00000 1.00000
167.00000 65.00000 2.00000 1.00000 1.00000
210.00000 92.00000 1.00000 1.00000 1.00000
159.00000 83.00000 5.00000 0.00000 1.00000
213.00000 108.00000 1.00000 1.00000 1.00000
169.00000 68.00000 0.00000 1.00000 1.00000
193.00000 85.00000 2.00000 0.00000 1.00000
189.00000 101.00000 1.00000 0.00000 1.00000
108.00000 46.00000 4.00000 1.00000 1.00000
154.00000 57.00000 5.00000 0.00000 1.00000
165.00000 92.00000 2.00000 1.00000 1.00000
180.00000 95.00000 4.00000 0.00000 1.00000
130.00000 113.00000 2.00000 1.00000 1.00000
220.00000 72.00000 4.00000 0.00000 1.00000
159.00000 83.00000 1.00000 1.00000 1.00000
213.00000 108.00000 2.00000 0.00000 1.00000
169.00000 59.00000 3.00000 0.00000 1.00000
193.00000 85.00000 2.00000 0.00000 1.00000
189.00000 101.00000 1.00000 0.00000 1.00000
108.00000 46.00000 4.00000 1.00000 1.00000
154.00000 57.00000 5.00000 0.00000 1.00000
165.00000 92.00000 2.00000 1.00000 1.00000
180.00000 95.00000 4.00000 0.00000 1.00000
130.00000 113.00000 2.00000 1.00000 1.00000
212.00000 97.00000 3.00000 0.00000 1.00000
191.00000 89.00000 7.00000 0.00000 1.00000
188.00000 77.00000 3.00000 0.00000 1.00000
156.00000 39.00000 6.00000 0.00000 1.00000
151.00000 75.00000 4.00000 0.00000 1.00000
148.00000 53.00000 3.00000 0.00000 1.00000
167.00000 68.00000 2.00000 0.00000 1.00000
149.00000 66.00000 1.00000 0.00000 1.00000
154.00000 75.00000 1.00000 1.00000 1.00000
196.00000 67.00000 4.00000 0.00000 1.00000
110.00000 54.00000 4.00000 1.00000 1.00000
182.00000 76.00000 2.00000 1.00000 1.00000
99.00000 66.00000 4.00000 1.00000 1.00000
161.00000 59.00000 4.00000 0.00000 1.00000
161.00000 76.00000 4.00000 0.00000 1.00000
161.00000 58.00000 4.00000 0.00000 1.00000
133.00000 75.00000 3.00000 1.00000 1.00000
185.00000 61.00000 3.00000 0.00000 1.00000
172.00000 76.00000 4.00000 0.00000 1.00000
163.00000 85.00000 1.00000 1.00000 1.00000
230.00000 93.00000 4.00000 0.00000 1.00000
183.00000 59.00000 3.00000 0.00000 1.00000
117.00000 104.00000 1.00000 1.00000 1.00000
152.00000 72.00000 2.00000 1.00000 1.00000
184.00000 79.00000 3.00000 1.00000 1.00000
195.00000 67.00000 4.00000 0.00000 1.00000
222.00000 83.00000 5.00000 0.00000 1.00000
214.00000 56.00000 7.00000 0.00000 1.00000
209.00000 72.00000 3.00000 0.00000 1.00000
149.00000 59.00000 3.00000 1.00000 1.00000
160.00000 103.00000 1.00000 1.00000 1.00000
199.00000 100.00000 2.00000 1.00000 1.00000
203.00000 35.00000 6.00000 0.00000 1.00000
154.00000 89.00000 1.00000 1.00000 1.00000
206.00000 57.00000 2.00000 0.00000 1.00000
175.00000 101.00000 3.00000 1.00000 1.00000
140.00000 81.00000 2.00000 1.00000 1.00000
215.00000 103.00000 2.00000 1.00000 1.00000
153.00000 85.00000 4.00000 1.00000 1.00000
177.00000 64.00000 4.00000 0.00000 1.00000
160.00000 80.00000 2.00000 1.00000 1.00000
167.00000 84.00000 3.00000 1.00000 1.00000
158.00000 89.00000 4.00000 0.00000 1.00000
206.00000 90.00000 1.00000 1.00000 1.00000
175.00000 101.00000 5.00000 0.00000 1.00000
140.00000 81.00000 4.00000 1.00000 1.00000
215.00000 103.00000 2.00000 0.00000 1.00000
153.00000 85.00000 4.00000 0.00000 1.00000
177.00000 78.00000 4.00000 0.00000 1.00000
160.00000 80.00000 3.00000 1.00000 1.00000
167.00000 65.00000 2.00000 1.00000 1.00000
210.00000 92.00000 1.00000 1.00000 1.00000
159.00000 83.00000 5.00000 0.00000 1.00000
213.00000 108.00000 1.00000 1.00000 1.00000
169.00000 68.00000 0.00000 1.00000 1.00000
193.00000 85.00000 2.00000 0.00000 1.00000
189.00000 101.00000 1.00000 0.00000 1.00000
108.00000 46.00000 4.00000 1.00000 1.00000
154.00000 57.00000 5.00000 0.00000 1.00000
165.00000 92.00000 2.00000 1.00000 1.00000
180.00000 95.00000 4.00000 0.00000 1.00000
130.00000 113.00000 2.00000 1.00000 1.00000
220.00000 72.00000 4.00000 0.00000 1.00000
159.00000 83.00000 1.00000 1.00000 1.00000
213.00000 108.00000 2.00000 0.00000 1.00000
169.00000 59.00000 3.00000 0.00000 1.00000
193.00000 85.00000 2.00000 0.00000 1.00000
189.00000 101.00000 1.00000 0.00000 1.00000
108.00000 46.00000 4.00000 1.00000 1.00000
154.00000 57.00000 5.00000 0.00000 1.00000
165.00000 92.00000 2.00000 1.00000 1.00000
180.00000 95.00000 4.00000 0.00000 1.00000
130.00000 113.00000 2.00000 1.00000 1.00000
212.00000 97.00000 3.00000 0.00000 1.00000
191.00000 89.00000 7.00000 0.00000 1.00000
188.00000 77.00000 3.00000 0.00000 1.00000
156.00000 39.00000 6.00000 0.00000 1.00000
151.00000 75.00000 4.00000 0.00000 1.00000
148.00000 53.00000 3.00000 0.00000 1.00000
167.00000 68.00000 2.00000 0.00000 1.00000
149.00000 66.00000 1.00000 0.00000 1.00000
154.00000 75.00000 1.00000 1.00000 1.00000
196.00000 67.00000 4.00000 0.00000 1.00000
110.00000 54.00000 4.00000 1.00000 1.00000
182.00000 76.00000 2.00000 1.00000 1.00000
99.00000 66.00000 4.00000 1.00000 1.00000
161.00000 59.00000 4.00000 0.00000 1.00000
161.00000 76.00000 4.00000 0.00000 1.00000
161.00000 58.00000 4.00000 0.00000 1.00000
133.00000 75.00000 3.00000 1.00000 1.00000
185.00000 61.00000 3.00000 0.00000 1.00000
172.00000 76.00000 4.00000 0.00000 1.00000
163.00000 85.00000 1.00000 1.00000 1.00000
230.00000 93.00000 4.00000 0.00000 1.00000
183.00000 59.00000 3.00000 0.00000 1.00000
117.00000 104.00000 1.00000 1.00000 1.00000
152.00000 72.00000 2.00000 1.00000 1.00000
184.00000 79.00000 3.00000 1.00000 1.00000
195.00000 67.00000 4.00000 0.00000 1.00000
222.00000 83.00000 5.00000 0.00000 1.00000
214.00000 56.00000 7.00000 0.00000 1.00000
209.00000 72.00000 3.00000 0.00000 1.00000
149.00000 59.00000 3.00000 1.00000 1.00000
160.00000 103.00000 1.00000 1.00000 1.00000
199.00000 100.00000 2.00000 1.00000 1.00000
203.00000 35.00000 6.00000 0.00000 1.00000
154.00000 89.00000 1.00000 1.00000 1.00000
206.00000 57.00000 2.00000 0.00000 1.00000
175.00000 101.00000 3.00000 1.00000 1.00000
140.00000 81.00000 2.00000 1.00000 1.00000
215.00000 103.00000 2.00000 1.00000 1.00000
153.00000 85.00000 4.00000 1.00000 1.00000
177.00000 64.00000 4.00000 0.00000 1.00000
160.00000 80.00000 2.00000 1.00000 1.00000
167.00000 84.00000 3.00000 1.00000 1.00000
158.00000 89.00000 4.00000 0.00000 1.00000
206.00000 90.00000 1.00000 1.00000 1.00000
175.00000 101.00000 5.00000 0.00000 1.00000
140.00000 81.00000 4.00000 1.00000 1.00000
215.00000 103.00000 2.00000 0.00000 1.00000
153.00000 85.00000 4.00000 0.00000 1.00000
177.00000 78.00000 4.00000 0.00000 1.00000
160.00000 80.00000 3.00000 1.00000 1.00000
167.00000 65.00000 2.00000 1.00000 1.00000
210.00000 92.00000 1.00000 1.00000 1.00000
159.00000 83.00000 5.00000 0.00000 1.00000
213.00000 108.00000 1.00000 1.00000 1.00000
169.00000 68.00000 0.00000 1.00000 1.00000
193.00000 85.00000 2.00000 0.00000 1.00000
189.00000 101.00000 1.00000 0.00000 1.00000
108.00000 46.00000 4.00000 1.00000 1.00000
154.00000 57.00000 5.00000 0.00000 1.00000
165.00000 92.00000 2.00000 1.00000 1.00000
180.00000 95.00000 4.00000 0.00000 1.00000
130.00000 113.00000 2.00000 1.00000 1.00000
220.00000 72.00000 4.00000 0.00000 1.00000
159.00000 83.00000 1.00000 1.00000 1.00000
213.00000 108.00000 2.00000 0.00000 1.00000
169.00000 59.00000 3.00000 0.00000 1.00000
193.00000 85.00000 2.00000 0.00000 1.00000
189.00000 101.00000 1.00000 0.00000 1.00000
108.00000 46.00000 4.00000 1.00000 1.00000
154.00000 57.00000 5.00000 0.00000 1.00000
165.00000 92.00000 2.00000 1.00000 1.00000
180.00000 95.00000 4.00000 0.00000 1.00000
130.00000 113.00000 2.00000 1.00000 1.00000
212.00000 97.00000 3.00000 0.00000 1.00000
191.00000 89.00000 7.00000 0.00000 1.00000
188.00000 77.00000 3.00000 0.00000 1.00000
156.00000 39.00000 6.00000 0.00000 1.00000
151.00000 75.00000 4.00000 0.00000 1.00000
148.00000 53.00000 3.00000 0.00000 1.00000
167.00000 68.00000 2.00000 0.00000 1.00000
149.00000 66.00000 1.00000 0.00000 1.00000
154.00000 75.00000 1.00000 1.00000 1.00000
196.00000 67.00000 4.00000 0.00000 1.00000
110.00000 54.00000 4.00000 1.00000 1.00000
182.00000 76.00000 2.00000 1.00000 1.00000
99.00000 66.00000 4.00000 1.00000 1.00000
161.00000 59.00000 4.00000 0.00000 1.00000
161.00000 76.00000 4.00000 0.00000 1.00000
161.00000 58.00000 4.00000 0.00000 1.00000
133.00000 75.00000 3.00000 1.00000 1.00000
185.00000 61.00000 3.00000 0.00000 1.00000
172.00000 76.00000 4.00000 0.00000 1.00000
163.00000 85.00000 1.00000 1.00000 1.00000
230.00000 93.00000 4.00000 0.00000 1.00000
183.00000 59.00000 3.00000 0.00000 1.00000
117.00000 104.00000 1.00000 1.00000 1.00000
152.00000 72.00000 2.00000 1.00000 1.00000
184.00000 79.00000 3.00000 1.00000 1.00000
195.00000 67.00000 4.00000 0.00000 1.00000
222.00000 83.00000 5.00000 0.00000 1.00000
214.00000 56.00000 7.00000 0.00000 1.00000
209.00000 72.00000 3.00000 0.00000 1.00000
149.00000 59.00000 3.00000 1.00000 1.00000
160.00000 103.00000 1.00000 1.00000 1.00000
199.00000 100.00000 2.00000 1.00000 1.00000
203.00000 35.00000 6.00000 0.00000 1.00000
154.00000 89.00000 1.00000 1.00000 1.00000
206.00000 57.00000 2.00000 0.00000 1.00000
175.00000 101.00000 3.00000 1.00000 1.00000
140.00000 81.00000 2.00000 1.00000 1.00000
215.00000 103.00000 2.00000 1.00000 1.00000
153.00000 85.00000 4.00000 1.00000 1.00000
177.00000 64.00000 4.00000 0.00000 1.00000
160.00000 80.00000 2.00000 1.00000 1.00000
167.00000 84.00000 3.00000 1.00000 1.00000
158.00000 89.00000 4.00000 0.00000 1.00000
206.00000 90.00000 1.00000 1.00000 1.00000
175.00000 101.00000 5.00000 0.00000 1.00000
140.00000 81.00000 4.00000 1.00000 1.00000
215.00000 103.00000 2.00000 0.00000 1.00000
153.00000 85.00000 4.00000 0.00000 1.00000
177.00000 78.00000 4.00000 0.00000 1.00000
160.00000 80.00000 3.00000 1.00000 1.00000
167.00000 65.00000 2.00000 1.00000 1.00000
210.00000 92.00000 1.00000 1.00000 1.00000
159.00000 83.00000 5.00000 0.00000 1.00000
213.00000 108.00000 1.00000 1.00000 1.00000
169.00000 68.00000 0.00000 1.00000 1.00000
193.00000 85.00000 2.00000 0.00000 1.00000
189.00000 101.00000 1.00000 0.00000 1.00000
108.00000 46.00000 4.00000 1.00000 1.00000
154.00000 57.00000 5.00000 0.00000 1.00000
165.00000 92.00000 2.00000 1.00000 1.00000
180.00000 95.00000 4.00000 0.00000 1.00000
130.00000 113.00000 2.00000 1.00000 1.00000
165.00000 92.00000 2.00000 1.00000 1.00000
180.00000 95.00000 4.00000 0.00000 1.00000
130.00000 113.00000 2.00000 1.00000 1.00000
182.00000 76.00000 2.00000 1.00000 1.00000
99.00000 66.00000 4.00000 1.00000 1.00000
161.00000 59.00000 4.00000 0.00000 1.00000
161.00000 76.00000 4.00000 0.00000 1.00000
161.00000 58.00000 4.00000 0.00000 1.00000
133.00000 75.00000 3.00000 1.00000 1.00000
185.00000 61.00000 3.00000 0.00000 1.00000
172.00000 76.00000 4.00000 0.00000 1.00000
163.00000 85.00000 1.00000 1.00000 1.00000
230.00000 93.00000 4.00000 0.00000 1.00000
183.00000 59.00000 3.00000 0.00000 1.00000
117.00000 104.00000 1.00000 1.00000 1.00000
152.00000 72.00000 2.00000 1.00000 1.00000
184.00000 79.00000 3.00000 1.00000 1.00000
195.00000 67.00000 4.00000 0.00000 1.00000
222.00000 83.00000 5.00000 0.00000 1.00000
214.00000 56.00000 7.00000 0.00000 1.00000
209.00000 72.00000 3.00000 0.00000 1.00000
149.00000 59.00000 3.00000 1.00000 1.00000
160.00000 103.00000 1.00000 1.00000 1.00000
199.00000 100.00000 2.00000 1.00000 1.00000
203.00000 35.00000 6.00000 0.00000 1.00000
154.00000 89.00000 1.00000 1.00000 1.00000
206.00000 57.00000 2.00000 0.00000 1.00000
175.00000 101.00000 3.00000 1.00000 1.00000
140.00000 81.00000 2.00000 1.00000 1.00000
215.00000 103.00000 2.00000 1.00000 1.00000
153.00000 85.00000 4.00000 1.00000 1.00000
177.00000 64.00000 4.00000 0.00000 1.00000
160.00000 80.00000 2.00000 1.00000 1.00000
167.00000 84.00000 3.00000 1.00000 1.00000
158.00000 89.00000 4.00000 0.00000 1.00000
206.00000 90.00000 1.00000 1.00000 1.00000
175.00000 101.00000 5.00000 0.00000 1.00000
140.00000 81.00000 4.00000 1.00000 1.00000
185.00000 61.00000 3.00000 0.00000 1.00000
172.00000 76.00000 4.00000 0.00000 1.00000
163.00000 85.00000 1.00000 1.00000 1.00000
230.00000 93.00000 4.00000 0.00000 1.00000
183.00000 59.00000 3.00000 0.00000 1.00000
117.00000 104.00000 1.00000 1.00000 1.00000
152.00000 72.00000 2.00000 1.00000 1.00000
184.00000 79.00000 3.00000 1.00000 1.00000
195.00000 67.00000 4.00000 0.00000 1.00000
222.00000 83.00000 5.00000 0.00000 1.00000
214.00000 56.00000 7.00000 0.00000 1.00000
209.00000 72.00000 3.00000 0.00000 1.00000
149.00000 59.00000 3.00000 1.00000 1.00000
160.00000 103.00000 1.00000 1.00000 1.00000
199.00000 100.00000 2.00000 1.00000 1.00000
203.00000 35.00000 6.00000 0.00000 1.00000
154.00000 89.00000 1.00000 1.00000 1.00000
206.00000 57.00000 2.00000 0.00000 1.00000
175.00000 101.00000 3.00000 1.00000 1.00000
185.00000 61.00000 3.00000 0.00000 1.00000
172.00000 76.00000 4.00000 0.00000 1.00000
163.00000 85.00000 1.00000 1.00000 1.00000
230.00000 93.00000 4.00000 0.00000 1.00000
183.00000 59.00000 3.00000 0.00000 1.00000
117.00000 104.00000 1.00000 1.00000 1.00000
152.00000 72.00000 2.00000 1.00000 1.00000
184.00000 79.00000 3.00000 1.00000 1.00000
195.00000 67.00000 4.00000 0.00000 1.00000
222.00000 83.00000 5.00000 0.00000 1.00000
214.00000 56.00000 7.00000 0.00000 1.00000
209.00000 72.00000 3.00000 0.00000 1.00000
149.00000 59.00000 3.00000 1.00000 1.00000
160.00000 103.00000 1.00000 1.00000 1.00000
199.00000 100.00000 2.00000 1.00000 1.00000
203.00000 35.00000 6.00000 0.00000 1.00000
154.00000 89.00000 1.00000 1.00000 1.00000
206.00000 57.00000 2.00000 0.00000 1.00000
175.00000 101.00000 3.00000 1.00000 1.00000
185.00000 61.00000 3.00000 0.00000 1.00000
172.00000 76.00000 4.00000 0.00000 1.00000
163.00000 85.00000 1.00000 1.00000 1.00000
230.00000 93.00000 4.00000 0.00000 1.00000
183.00000 59.00000 3.00000 0.00000 1.00000
117.00000 104.00000 1.00000 1.00000 1.00000
152.00000 72.00000 2.00000 1.00000 1.00000
184.00000 79.00000 3.00000 1.00000 1.00000
195.00000 67.00000 4.00000 0.00000 1.00000
222.00000 83.00000 5.00000 0.00000 1.00000
214.00000 56.00000 7.00000 0.00000 1.00000
209.00000 72.00000 3.00000 0.00000 1.00000
149.00000 59.00000 3.00000 1.00000 1.00000
160.00000 103.00000 1.00000 1.00000 1.00000
199.00000 100.00000 2.00000 1.00000 1.00000
203.00000 35.00000 6.00000 0.00000 1.00000
154.00000 89.00000 1.00000 1.00000 1.00000
206.00000 57.00000 2.00000 0.00000 1.00000
175.00000 101.00000 3.00000 1.00000 1.00000
185.00000 61.00000 3.00000 0.00000 1.00000
172.00000 76.00000 4.00000 0.00000 1.00000
163.00000 85.00000 1.00000 1.00000 1.00000
230.00000 93.00000 4.00000 0.00000 1.00000
183.00000 59.00000 3.00000 0.00000 1.00000
117.00000 104.00000 1.00000 1.00000 1.00000
152.00000 72.00000 2.00000 1.00000 1.00000
184.00000 79.00000 3.00000 1.00000 1.00000
195.00000 67.00000 4.00000 0.00000 1.00000
222.00000 83.00000 5.00000 0.00000 1.00000
214.00000 56.00000 7.00000 0.00000 1.00000
209.00000 72.00000 3.00000 0.00000 1.00000
149.00000 59.00000 3.00000 1.00000 1.00000
160.00000 103.00000 1.00000 1.00000 1.00000
199.00000 100.00000 2.00000 1.00000 1.00000
203.00000 35.00000 6.00000 0.00000 1.00000
154.00000 89.00000 1.00000 1.00000 1.00000
206.00000 57.00000 2.00000 0.00000 1.00000
175.00000 101.00000 3.00000 1.00000 1.00000
185.00000 61.00000 3.00000 0.00000 1.00000
172.00000 76.00000 4.00000 0.00000 1.00000
163.00000 85.00000 1.00000 1.00000 1.00000
230.00000 93.00000 4.00000 0.00000 1.00000
183.00000 59.00000 3.00000 0.00000 1.00000
117.00000 104.00000 1.00000 1.00000 1.00000
152.00000 72.00000 2.00000 1.00000 1.00000
184.00000 79.00000 3.00000 1.00000 1.00000
195.00000 67.00000 4.00000 0.00000 1.00000
222.00000 83.00000 5.00000 0.00000 1.00000
214.00000 56.00000 7.00000 0.00000 1.00000
209.00000 72.00000 3.00000 0.00000 1.00000
149.00000 59.00000 3.00000 1.00000 1.00000
160.00000 103.00000 1.00000 1.00000 1.00000
199.00000 100.00000 2.00000 1.00000 1.00000
203.00000 35.00000 6.00000 0.00000 1.00000
154.00000 89.00000 1.00000 1.00000 1.00000
206.00000 57.00000 2.00000 0.00000 1.00000
175.00000 101.00000 3.00000 1.00000 1.00000
185.00000 61.00000 3.00000 0.00000 1.00000
172.00000 76.00000 4.00000 0.00000 1.00000
163.00000 85.00000 1.00000 1.00000 1.00000
230.00000 93.00000 4.00000 0.00000 1.00000
183.00000 59.00000 3.00000 0.00000 1.00000
117.00000 104.00000 1.00000 1.00000 1.00000
152.00000 72.00000 2.00000 1.00000 1.00000
184.00000 79.00000 3.00000 1.00000 1.00000
195.00000 67.00000 4.00000 0.00000 1.00000
222.00000 83.00000 5.00000 0.00000 1.00000
214.00000 56.00000 7.00000 0.00000 1.00000
209.00000 72.00000 3.00000 0.00000 1.00000
149.00000 59.00000 3.00000 1.00000 1.00000
160.00000 103.00000 1.00000 1.00000 1.00000
199.00000 100.00000 2.00000 1.00000 1.00000
203.00000 35.00000 6.00000 0.00000 1.00000
154.00000 89.00000 1.00000 1.00000 1.00000
206.00000 57.00000 2.00000 0.00000 1.00000
175.00000 101.00000 3.00000 1.00000 1.00000
185.00000 61.00000 3.00000 0.00000 1.00000
172.00000 76.00000 4.00000 0.00000 1.00000
163.00000 85.00000 1.00000 1.00000 1.00000
230.00000 93.00000 4.00000 0.00000 1.00000
183.00000 59.00000 3.00000 0.00000 1.00000
117.00000 104.00000 1.00000 1.00000 1.00000
152.00000 72.00000 2.00000 1.00000 1.00000
184.00000 79.00000 3.00000 1.00000 1.00000
195.00000 67.00000 4.00000 0.00000 1.00000
222.00000 83.00000 5.00000 0.00000 1.00000
214.00000 56.00000 7.00000 0.00000 1.00000
209.00000 72.00000 3.00000 0.00000 1.00000
149.00000 59.00000 3.00000 1.00000 1.00000
160.00000 103.00000 1.00000 1.00000 1.00000
199.00000 100.00000 2.00000 1.00000 1.00000
203.00000 35.00000 6.00000 0.00000 1.00000
154.00000 89.00000 1.00000 1.00000 1.00000
206.00000 57.00000 2.00000 0.00000 1.00000
175.00000 101.00000 3.00000 1.00000 1.00000
185.00000 61.00000 3.00000 0.00000 1.00000
172.00000 76.00000 4.00000 0.00000 1.00000
163.00000 85.00000 1.00000 1.00000 1.00000
230.00000 93.00000 4.00000 0.00000 1.00000
183.00000 59.00000 3.00000 0.00000 1.00000
117.00000 104.00000 1.00000 1.00000 1.00000
152.00000 72.00000 2.00000 1.00000 1.00000
184.00000 79.00000 3.00000 1.00000 1.00000
195.00000 67.00000 4.00000 0.00000 1.00000
222.00000 83.00000 5.00000 0.00000 1.00000
214.00000 56.00000 7.00000 0.00000 1.00000
209.00000 72.00000 3.00000 0.00000 1.00000
149.00000 59.00000 3.00000 1.00000 1.00000
160.00000 103.00000 1.00000 1.00000 1.00000
199.00000 100.00000 2.00000 1.00000 1.00000
203.00000 35.00000 6.00000 0.00000 1.00000
154.00000 89.00000 1.00000 1.00000 1.00000
206.00000 57.00000 2.00000 0.00000 1.00000
175.00000 101.00000 3.00000 1.00000 1.00000
185.00000 61.00000 3.00000 0.00000 1.00000
172.00000 76.00000 4.00000 0.00000 1.00000
163.00000 85.00000 1.00000 1.00000 1.00000
230.00000 93.00000 4.00000 0.00000 1.00000
183.00000 59.00000 3.00000 0.00000 1.00000
117.00000 104.00000 1.00000 1.00000 1.00000
152.00000 72.00000 2.00000 1.00000 1.00000
184.00000 79.00000 3.00000 1.00000 1.00000
195.00000 67.00000 4.00000 0.00000 1.00000
222.00000 83.00000 5.00000 0.00000 1.00000
214.00000 56.00000 7.00000 0.00000 1.00000
209.00000 72.00000 3.00000 0.00000 1.00000
149.00000 59.00000 3.00000 1.00000 1.00000
160.00000 103.00000 1.00000 1.00000 1.00000
199.00000 100.00000 2.00000 1.00000 1.00000
203.00000 35.00000 6.00000 0.00000 1.00000
154.00000 89.00000 1.00000 1.00000 1.00000
206.00000 57.00000 2.00000 0.00000 1.00000
175.00000 101.00000 3.00000 1.00000 1.00000
185.00000 61.00000 3.00000 0.00000 1.00000
172.00000 76.00000 4.00000 0.00000 1.00000
163.00000 85.00000 1.00000 1.00000 1.00000
230.00000 93.00000 4.00000 0.00000 1.00000
183.00000 59.00000 3.00000 0.00000 1.00000
117.00000 104.00000 1.00000 1.00000 1.00000
152.00000 72.00000 2.00000 1.00000 1.00000
184.00000 79.00000 3.00000 1.00000 1.00000
195.00000 67.00000 4.00000 0.00000 1.00000
222.00000 83.00000 5.00000 0.00000 1.00000
214.00000 56.00000 7.00000 0.00000 1.00000
209.00000 72.00000 3.00000 0.00000 1.00000
149.00000 59.00000 3.00000 1.00000 1.00000
160.00000 103.00000 1.00000 1.00000 1.00000
199.00000 100.00000 2.00000 1.00000 1.00000
203.00000 35.00000 6.00000 0.00000 1.00000
154.00000 89.00000 1.00000 1.00000 1.00000
206.00000 57.00000 2.00000 0.00000 1.00000
175.00000 101.00000 3.00000 1.00000 1.00000
